3.996813e+002,0.000000e+000
4.001635e+002,5.785722e-002
4.006456e+002,5.848304e-002
4.011277e+002,5.931913e-002
4.016098e+002,6.009953e-002
4.020919e+002,6.060410e-002
4.025741e+002,6.075642e-002
4.030562e+002,6.064485e-002
4.035383e+002,6.046049e-002
4.040204e+002,6.038872e-002
4.045026e+002,6.053022e-002
4.049847e+002,6.086511e-002
4.054668e+002,6.127894e-002
4.059489e+002,6.163166e-002
4.064311e+002,6.184560e-002
4.069132e+002,6.195100e-002
4.073953e+002,6.205861e-002
4.078774e+002,6.227657e-002
4.083596e+002,6.264047e-002
4.088417e+002,6.308519e-002
4.093238e+002,6.347481e-002
4.098059e+002,6.367551e-002
4.102881e+002,6.363972e-002
4.107702e+002,6.343751e-002
4.112523e+002,6.321511e-002
4.117344e+002,6.310669e-002
4.122166e+002,6.316445e-002
4.126987e+002,6.333272e-002
4.131808e+002,6.348218e-002
4.136629e+002,6.348220e-002
4.141451e+002,6.328359e-002
4.146272e+002,6.294701e-002
4.151093e+002,6.260893e-002
4.155914e+002,6.240793e-002
4.160736e+002,6.242970e-002
4.165557e+002,6.267647e-002
4.170378e+002,6.306173e-002
4.175200e+002,6.342144e-002
4.180021e+002,6.357396e-002
4.184842e+002,6.343829e-002
4.189663e+002,6.312726e-002
4.194484e+002,6.285567e-002
4.199306e+002,6.274743e-002
4.204127e+002,6.275803e-002
4.208948e+002,6.276313e-002
4.213770e+002,6.266525e-002
4.218591e+002,6.245422e-002
4.223412e+002,6.220416e-002
4.228233e+002,6.203689e-002
4.233055e+002,6.206054e-002
4.237876e+002,6.231483e-002
4.242697e+002,6.274109e-002
4.247518e+002,6.320556e-002
4.252339e+002,6.356853e-002
4.257161e+002,6.376345e-002
4.261982e+002,6.382830e-002
4.266803e+002,6.387085e-002
4.271624e+002,6.399815e-002
4.276446e+002,6.425744e-002
4.281267e+002,6.461349e-002
4.286088e+002,6.497043e-002
4.290909e+002,6.522185e-002
4.295731e+002,6.531400e-002
4.300552e+002,6.527761e-002
4.305373e+002,6.521401e-002
4.310194e+002,6.523625e-002
4.315016e+002,6.540952e-002
4.319837e+002,6.571792e-002
4.324658e+002,6.607962e-002
4.329479e+002,6.639636e-002
4.334301e+002,6.661084e-002
4.339122e+002,6.673754e-002
4.343943e+002,6.684909e-002
4.348764e+002,6.702629e-002
4.353586e+002,6.730612e-002
4.358407e+002,6.765146e-002
4.363228e+002,6.796844e-002
4.368049e+002,6.816072e-002
4.372870e+002,6.819421e-002
4.377692e+002,6.811888e-002
4.382513e+002,6.803907e-002
4.387334e+002,6.805260e-002
4.392155e+002,6.820589e-002
4.396977e+002,6.847652e-002
4.401798e+002,6.878945e-002
4.406619e+002,6.905630e-002
4.411440e+002,6.922634e-002
4.416262e+002,6.931653e-002
4.421083e+002,6.940228e-002
4.425904e+002,6.956228e-002
4.430725e+002,6.982205e-002
4.435547e+002,7.012755e-002
4.440368e+002,7.037380e-002
4.445189e+002,7.046364e-002
4.450010e+002,7.036676e-002
4.454832e+002,7.013752e-002
4.459653e+002,6.988724e-002
4.464474e+002,6.972619e-002
4.469295e+002,6.971195e-002
4.474117e+002,6.982376e-002
4.478938e+002,6.997978e-002
4.483759e+002,7.008359e-002
4.488580e+002,7.007772e-002
4.493401e+002,6.996791e-002
4.498223e+002,6.980813e-002
4.503044e+002,6.965869e-002
4.507865e+002,6.954952e-002
4.512687e+002,6.946106e-002
4.517508e+002,6.933901e-002
4.522329e+002,6.913266e-002
4.527150e+002,6.884103e-002
4.531971e+002,6.852625e-002
4.536793e+002,6.828486e-002
4.541614e+002,6.819367e-002
4.546435e+002,6.827318e-002
4.551257e+002,6.847817e-002
4.556078e+002,6.871660e-002
4.560899e+002,6.888404e-002
4.565720e+002,6.891376e-002
4.570542e+002,6.881704e-002
4.575363e+002,6.868675e-002
4.580184e+002,6.863807e-002
4.585005e+002,6.873182e-002
4.589827e+002,6.893575e-002
4.594648e+002,6.915684e-002
4.599469e+002,6.930371e-002
4.604290e+002,6.933787e-002
4.609112e+002,6.928725e-002
4.613933e+002,6.922586e-002
4.618754e+002,6.923149e-002
4.623575e+002,6.934603e-002
4.628397e+002,6.955277e-002
4.633218e+002,6.978848e-002
4.638039e+002,6.998093e-002
4.642860e+002,7.009329e-002
4.647682e+002,7.014518e-002
4.652503e+002,7.020058e-002
4.657324e+002,7.033034e-002
4.662145e+002,7.057448e-002
4.666967e+002,7.091712e-002
4.671788e+002,7.129213e-002
4.676609e+002,7.161682e-002
4.681430e+002,7.183994e-002
4.686252e+002,7.197027e-002
4.691073e+002,7.206704e-002
4.695894e+002,7.220004e-002
4.700715e+002,7.241011e-002
4.705536e+002,7.268699e-002
4.710358e+002,7.297636e-002
4.715179e+002,7.321133e-002
4.720000e+002,7.336043e-002
4.724821e+002,7.345892e-002
4.729643e+002,7.359511e-002
4.734464e+002,7.385227e-002
4.739285e+002,7.425618e-002
4.744106e+002,7.475896e-002
4.748928e+002,7.526870e-002
4.753749e+002,7.569478e-002
4.758570e+002,7.599027e-002
4.763391e+002,7.616816e-002
4.768213e+002,7.629016e-002
4.773034e+002,7.642804e-002
4.777855e+002,7.662325e-002
4.782676e+002,7.686262e-002
4.787498e+002,7.708833e-002
4.792319e+002,7.723267e-002
4.797140e+002,7.726029e-002
4.801961e+002,7.719055e-002
4.806783e+002,7.708770e-002
4.811604e+002,7.702658e-002
4.816425e+002,7.705515e-002
4.821246e+002,7.717250e-002
4.826068e+002,7.733409e-002
4.830889e+002,7.747982e-002
4.835710e+002,7.757334e-002
4.840531e+002,7.762460e-002
4.845352e+002,7.768252e-002
4.850174e+002,7.779891e-002
4.854995e+002,7.799190e-002
4.859816e+002,7.822932e-002
4.864637e+002,7.844562e-002
4.869459e+002,7.857772e-002
4.874280e+002,7.860200e-002
4.879101e+002,7.854693e-002
4.883922e+002,7.847851e-002
4.888744e+002,7.846444e-002
4.893565e+002,7.854072e-002
4.898386e+002,7.869368e-002
4.903207e+002,7.887010e-002
4.908029e+002,7.900722e-002
4.912850e+002,7.907213e-002
4.917671e+002,7.908154e-002
4.922492e+002,7.909349e-002
4.927314e+002,7.916950e-002
4.932135e+002,7.933825e-002
4.936956e+002,7.957719e-002
4.941777e+002,7.982686e-002
4.946599e+002,8.002505e-002
4.951420e+002,8.014286e-002
4.956241e+002,8.019882e-002
4.961062e+002,8.024801e-002
4.965884e+002,8.034786e-002
4.970705e+002,8.052640e-002
4.975526e+002,8.076467e-002
4.980347e+002,8.100773e-002
4.985169e+002,8.119457e-002
4.989990e+002,8.129244e-002
4.994811e+002,8.131330e-002
4.999633e+002,8.130671e-002
5.004454e+002,8.133160e-002
5.009275e+002,8.142570e-002
5.014096e+002,8.158444e-002
5.018917e+002,8.176568e-002
5.023739e+002,8.191812e-002
5.028560e+002,8.201838e-002
5.033381e+002,8.208821e-002
5.038203e+002,8.218084e-002
5.043024e+002,8.234610e-002
5.047845e+002,8.260272e-002
5.052666e+002,8.292644e-002
5.057487e+002,8.326283e-002
5.062309e+002,8.355390e-002
5.067130e+002,8.377176e-002
5.071951e+002,8.393512e-002
5.076772e+002,8.409870e-002
5.081594e+002,8.431800e-002
5.086415e+002,8.461615e-002
5.091236e+002,8.496892e-002
5.096057e+002,8.531965e-002
5.100879e+002,8.560977e-002
5.105700e+002,8.581295e-002
5.110521e+002,8.595039e-002
5.115342e+002,8.608124e-002
5.120164e+002,8.626946e-002
5.124985e+002,8.655127e-002
5.129806e+002,8.691692e-002
5.134627e+002,8.731933e-002
5.139448e+002,8.770037e-002
5.144270e+002,8.802389e-002
5.149091e+002,8.829422e-002
5.153912e+002,8.855315e-002
5.158734e+002,8.885502e-002
5.163555e+002,8.923543e-002
5.168376e+002,8.968952e-002
5.173197e+002,9.017516e-002
5.178019e+002,9.063920e-002
5.182840e+002,9.105325e-002
5.187661e+002,9.143108e-002
5.192482e+002,9.181798e-002
5.197303e+002,9.225634e-002
5.202125e+002,9.275567e-002
5.206946e+002,9.328106e-002
5.211767e+002,9.376958e-002
5.216588e+002,9.416211e-002
5.221410e+002,9.443510e-002
5.226231e+002,9.461146e-002
5.231052e+002,9.474827e-002
5.235873e+002,9.490564e-002
5.240695e+002,9.511688e-002
5.245516e+002,9.537006e-002
5.250337e+002,9.561428e-002
5.255159e+002,9.578747e-002
5.259980e+002,9.585463e-002
5.264801e+002,9.582984e-002
5.269622e+002,9.576625e-002
5.274443e+002,9.571934e-002
5.279265e+002,9.571406e-002
5.284086e+002,9.573200e-002
5.288907e+002,9.572598e-002
5.293728e+002,9.564958e-002
5.298550e+002,9.548511e-002
5.303371e+002,9.525533e-002
5.308192e+002,9.501263e-002
5.313013e+002,9.480911e-002
5.317834e+002,9.466864e-002
5.322656e+002,9.457260e-002
5.327477e+002,9.447194e-002
5.332299e+002,9.431495e-002
5.337120e+002,9.407715e-002
5.341941e+002,9.377650e-002
5.346762e+002,9.346322e-002
5.351583e+002,9.319119e-002
5.356404e+002,9.298919e-002
5.361226e+002,9.284525e-002
5.366047e+002,9.271550e-002
5.370868e+002,9.255011e-002
5.375690e+002,9.232302e-002
5.380511e+002,9.204561e-002
5.385332e+002,9.176014e-002
5.390153e+002,9.151356e-002
5.394974e+002,9.133244e-002
5.399796e+002,9.120879e-002
5.404617e+002,9.110788e-002
5.409438e+002,9.098918e-002
5.414260e+002,9.083202e-002
5.419081e+002,9.064744e-002
5.423902e+002,9.047147e-002
5.428723e+002,9.034346e-002
5.433544e+002,9.028357e-002
5.438365e+002,9.028196e-002
5.443187e+002,9.030564e-002
5.448008e+002,9.031792e-002
5.452830e+002,9.030204e-002
5.457651e+002,9.027140e-002
5.462472e+002,9.026262e-002
5.467293e+002,9.031195e-002
5.472114e+002,9.043237e-002
5.476936e+002,9.060390e-002
5.481757e+002,9.078354e-002
5.486578e+002,9.092863e-002
5.491400e+002,9.102170e-002
5.496221e+002,9.107997e-002
5.501042e+002,9.114669e-002
5.505863e+002,9.126523e-002
5.510684e+002,9.145557e-002
5.515505e+002,9.170218e-002
5.520327e+002,9.196436e-002
5.525148e+002,9.219780e-002
5.529969e+002,9.238169e-002
5.534791e+002,9.252854e-002
5.539612e+002,9.267851e-002
5.544433e+002,9.287550e-002
5.549254e+002,9.314319e-002
5.554076e+002,9.347174e-002
5.558896e+002,9.382445e-002
5.563718e+002,9.415945e-002
5.568539e+002,9.445406e-002
5.573361e+002,9.471749e-002
5.578182e+002,9.498440e-002
5.583003e+002,9.529262e-002
5.587825e+002,9.566133e-002
5.592645e+002,9.607875e-002
5.597467e+002,9.651009e-002
5.602288e+002,9.691879e-002
5.607109e+002,9.729058e-002
5.611931e+002,9.764530e-002
5.616752e+002,9.802841e-002
5.621573e+002,9.848755e-002
5.626394e+002,9.904753e-002
5.631216e+002,9.969589e-002
5.636037e+002,1.003897e-001
5.640858e+002,1.010782e-001
5.645679e+002,1.017283e-001
5.650500e+002,1.023418e-001
5.655322e+002,1.029504e-001
5.660143e+002,1.035940e-001
5.664965e+002,1.042967e-001
5.669785e+002,1.050506e-001
5.674607e+002,1.058201e-001
5.679428e+002,1.065615e-001
5.684249e+002,1.072498e-001
5.689070e+002,1.078925e-001
5.693892e+002,1.085232e-001
5.698713e+002,1.091773e-001
5.703534e+002,1.098661e-001
5.708356e+002,1.105637e-001
5.713177e+002,1.112166e-001
5.717998e+002,1.117677e-001
5.722819e+002,1.121852e-001
5.727640e+002,1.124754e-001
5.732462e+002,1.126744e-001
5.737283e+002,1.128235e-001
5.742104e+002,1.129435e-001
5.746925e+002,1.130210e-001
5.751747e+002,1.130169e-001
5.756568e+002,1.128912e-001
5.761389e+002,1.126328e-001
5.766210e+002,1.122712e-001
5.771031e+002,1.118640e-001
5.775853e+002,1.114654e-001
5.780674e+002,1.110986e-001
5.785496e+002,1.107448e-001
5.790317e+002,1.103580e-001
5.795138e+002,1.098905e-001
5.799959e+002,1.093229e-001
5.804780e+002,1.086770e-001
5.809601e+002,1.080066e-001
5.814423e+002,1.073680e-001
5.819244e+002,1.067913e-001
5.824066e+002,1.062662e-001
5.828887e+002,1.057521e-001
5.833708e+002,1.052031e-001
5.838529e+002,1.045953e-001
5.843350e+002,1.039399e-001
5.848171e+002,1.032770e-001
5.852993e+002,1.026522e-001
5.857814e+002,1.020928e-001
5.862635e+002,1.015953e-001
5.867457e+002,1.011310e-001
5.872278e+002,1.006670e-001
5.877099e+002,1.001876e-001
5.881920e+002,9.970365e-002
5.886741e+002,9.924696e-002
5.891563e+002,9.885050e-002
5.896384e+002,9.853011e-002
5.901205e+002,9.827399e-002
5.906027e+002,9.804957e-002
5.910848e+002,9.782215e-002
5.915669e+002,9.757569e-002
5.920490e+002,9.732395e-002
5.925311e+002,9.710339e-002
5.930133e+002,9.695122e-002
5.934954e+002,9.688516e-002
5.939775e+002,9.689341e-002
5.944597e+002,9.694318e-002
5.949418e+002,9.699823e-002
5.954239e+002,9.703775e-002
5.959060e+002,9.706438e-002
5.963882e+002,9.709851e-002
5.968702e+002,9.716160e-002
5.973524e+002,9.725999e-002
5.978345e+002,9.737734e-002
5.983167e+002,9.748261e-002
5.987988e+002,9.754676e-002
5.992809e+002,9.756134e-002
5.997630e+002,9.754514e-002
6.002451e+002,9.753627e-002
6.007273e+002,9.757126e-002
6.012094e+002,9.766584e-002
6.016915e+002,9.780581e-002
6.021736e+002,9.795647e-002
6.026558e+002,9.808131e-002
6.031379e+002,9.816159e-002
6.036200e+002,9.820499e-002
6.041022e+002,9.823893e-002
6.045842e+002,9.829272e-002
6.050664e+002,9.837914e-002
6.055485e+002,9.848542e-002
6.060306e+002,9.858028e-002
6.065128e+002,9.863096e-002
6.069949e+002,9.862276e-002
6.074770e+002,9.856668e-002
6.079591e+002,9.849361e-002
6.084413e+002,9.843619e-002
6.089234e+002,9.841035e-002
6.094055e+002,9.840622e-002
6.098876e+002,9.839418e-002
6.103698e+002,9.834133e-002
6.108519e+002,9.823035e-002
6.113340e+002,9.806820e-002
6.118162e+002,9.788118e-002
6.122983e+002,9.769902e-002
6.127804e+002,9.753726e-002
6.132625e+002,9.738904e-002
6.137446e+002,9.723024e-002
6.142267e+002,9.703408e-002
6.147089e+002,9.678821e-002
6.151910e+002,9.650224e-002
6.156731e+002,9.620348e-002
6.161553e+002,9.592105e-002
6.166374e+002,9.567010e-002
6.171195e+002,9.544308e-002
6.176016e+002,9.521476e-002
6.180837e+002,9.495839e-002
6.185659e+002,9.466160e-002
6.190480e+002,9.433404e-002
6.195302e+002,9.400235e-002
6.200123e+002,9.369427e-002
6.204944e+002,9.342407e-002
6.209765e+002,9.318445e-002
6.214586e+002,9.295169e-002
6.219407e+002,9.269965e-002
6.224229e+002,9.241422e-002
6.229050e+002,9.210167e-002
6.233871e+002,9.178454e-002
6.238693e+002,9.148868e-002
6.243514e+002,9.122916e-002
6.248335e+002,9.100243e-002
6.253156e+002,9.078989e-002
6.257977e+002,9.057033e-002
6.262798e+002,9.033365e-002
6.267620e+002,9.008818e-002
6.272441e+002,8.985591e-002
6.277263e+002,8.965924e-002
6.282084e+002,8.950894e-002
6.286905e+002,8.939707e-002
6.291726e+002,8.930276e-002
6.296547e+002,8.920289e-002
6.301368e+002,8.908635e-002
6.306190e+002,8.895963e-002
6.311011e+002,8.884239e-002
6.315833e+002,8.875562e-002
6.320654e+002,8.870820e-002
6.325475e+002,8.869034e-002
6.330296e+002,8.867894e-002
6.335117e+002,8.864892e-002
6.339939e+002,8.858807e-002
6.344760e+002,8.850349e-002
6.349581e+002,8.841790e-002
6.354402e+002,8.835649e-002
6.359224e+002,8.833280e-002
6.364045e+002,8.834177e-002
6.368866e+002,8.836348e-002
6.373687e+002,8.837587e-002
6.378508e+002,8.836845e-002
6.383330e+002,8.834792e-002
6.388151e+002,8.833557e-002
6.392972e+002,8.835372e-002
6.397794e+002,8.841316e-002
6.402615e+002,8.850580e-002
6.407436e+002,8.860865e-002
6.412257e+002,8.869555e-002
6.417079e+002,8.875154e-002
6.421899e+002,8.877931e-002
6.426721e+002,8.879668e-002
6.431542e+002,8.882409e-002
6.436364e+002,8.887286e-002
6.441185e+002,8.893774e-002
6.446006e+002,8.900056e-002
6.450827e+002,8.904134e-002
6.455648e+002,8.905147e-002
6.460470e+002,8.903925e-002
6.465291e+002,8.902668e-002
6.470112e+002,8.903678e-002
6.474933e+002,8.908163e-002
6.479755e+002,8.915524e-002
6.484576e+002,8.923748e-002
6.489397e+002,8.930555e-002
6.494219e+002,8.934706e-002
6.499040e+002,8.936649e-002
6.503861e+002,8.938133e-002
6.508682e+002,8.940956e-002
6.513503e+002,8.945866e-002
6.518325e+002,8.951939e-002
6.523146e+002,8.957137e-002
6.527968e+002,8.959509e-002
6.532788e+002,8.958399e-002
6.537610e+002,8.954943e-002
6.542431e+002,8.951476e-002
6.547252e+002,8.950187e-002
6.552073e+002,8.951872e-002
6.556895e+002,8.955382e-002
6.561716e+002,8.958210e-002
6.566537e+002,8.957846e-002
6.571359e+002,8.953203e-002
6.576179e+002,8.945152e-002
6.581001e+002,8.936089e-002
6.585822e+002,8.928544e-002
6.590643e+002,8.923855e-002
6.595464e+002,8.921415e-002
6.600286e+002,8.919203e-002
6.605107e+002,8.914913e-002
6.609928e+002,8.907418e-002
6.614750e+002,8.897381e-002
6.619571e+002,8.886878e-002
6.624392e+002,8.878274e-002
6.629213e+002,8.872943e-002
6.634034e+002,8.870637e-002
6.638856e+002,8.869821e-002
6.643677e+002,8.868604e-002
6.648499e+002,8.865789e-002
6.653320e+002,8.861282e-002
6.658141e+002,8.855886e-002
6.662962e+002,8.850612e-002
6.667783e+002,8.845731e-002
6.672605e+002,8.840024e-002
6.677426e+002,8.831116e-002
6.682247e+002,8.817577e-002
6.687068e+002,8.801357e-002
6.691890e+002,8.787026e-002
6.696711e+002,8.778539e-002
6.701532e+002,8.776934e-002
6.706353e+002,8.780724e-002
6.711174e+002,8.786995e-002
6.715996e+002,8.792544e-002
6.720817e+002,8.794895e-002
6.725638e+002,8.793107e-002
6.730460e+002,8.788091e-002
6.735281e+002,8.782154e-002
6.740102e+002,8.777663e-002
6.744923e+002,8.775765e-002
6.749745e+002,8.775745e-002
6.754565e+002,8.775548e-002
6.759387e+002,8.773047e-002
6.764208e+002,8.767426e-002
6.769030e+002,8.759794e-002
6.773851e+002,8.752721e-002
6.778672e+002,8.748801e-002
6.783493e+002,8.749269e-002
6.788314e+002,8.753312e-002
6.793136e+002,8.758551e-002
6.797957e+002,8.762294e-002
6.802778e+002,8.762959e-002
6.807599e+002,8.760821e-002
6.812421e+002,8.757731e-002
6.817242e+002,8.755855e-002
6.822063e+002,8.756447e-002
6.826885e+002,8.759178e-002
6.831705e+002,8.762515e-002
6.836527e+002,8.764786e-002
6.841348e+002,8.765316e-002
6.846169e+002,8.764975e-002
6.850991e+002,8.765710e-002
6.855812e+002,8.769313e-002
6.860634e+002,8.776306e-002
6.865454e+002,8.785457e-002
6.870276e+002,8.794378e-002
6.875096e+002,8.800770e-002
6.879918e+002,8.803765e-002
6.884739e+002,8.804524e-002
6.889561e+002,8.805723e-002
6.894382e+002,8.810128e-002
6.899203e+002,8.819238e-002
6.904025e+002,8.832548e-002
6.908845e+002,8.848046e-002
6.913667e+002,8.863384e-002
6.918488e+002,8.877255e-002
6.923309e+002,8.890045e-002
6.928130e+002,8.903528e-002
6.932952e+002,8.919717e-002
6.937773e+002,8.939646e-002
6.942594e+002,8.962759e-002
6.947416e+002,8.987275e-002
6.952236e+002,9.011247e-002
6.957058e+002,9.033867e-002
6.961879e+002,9.056026e-002
6.966700e+002,9.079958e-002
6.971522e+002,9.108058e-002
6.976343e+002,9.141590e-002
6.981165e+002,9.180005e-002
6.985985e+002,9.221294e-002
6.990807e+002,9.263073e-002
6.995628e+002,9.303939e-002
7.000449e+002,9.344123e-002
7.005270e+002,9.385236e-002
7.010092e+002,9.429130e-002
7.014913e+002,9.476662e-002
7.019734e+002,9.527033e-002
7.024556e+002,9.578101e-002
7.029377e+002,9.627513e-002
7.034198e+002,9.674021e-002
7.039019e+002,9.718122e-002
7.043840e+002,9.761816e-002
7.048662e+002,9.807274e-002
7.053483e+002,9.855564e-002
7.058304e+002,9.905867e-002
7.063125e+002,9.955992e-002
7.067947e+002,1.000368e-001
7.072768e+002,1.004813e-001
7.077589e+002,1.009077e-001
7.082410e+002,1.013487e-001
7.087231e+002,1.018417e-001
7.092053e+002,1.024138e-001
7.096874e+002,1.030752e-001
7.101696e+002,1.038243e-001
7.106517e+002,1.046634e-001
7.111338e+002,1.056149e-001
7.116159e+002,1.067289e-001
7.120980e+002,1.080756e-001
7.125802e+002,1.097231e-001
7.130623e+002,1.117129e-001
7.135444e+002,1.140392e-001
7.140265e+002,1.166463e-001
7.145087e+002,1.194404e-001
7.149908e+002,1.223140e-001
7.154729e+002,1.251671e-001
7.159550e+002,1.279169e-001
7.164371e+002,1.304862e-001
7.169193e+002,1.327809e-001
7.174014e+002,1.346688e-001
7.178835e+002,1.359784e-001
7.183657e+002,1.365248e-001
7.188478e+002,1.361598e-001
7.193299e+002,1.348252e-001
7.198120e+002,1.325863e-001
7.202942e+002,1.296247e-001
7.207762e+002,1.261986e-001
7.212584e+002,1.225840e-001
7.217405e+002,1.190269e-001
7.222227e+002,1.157132e-001
7.227048e+002,1.127630e-001
7.231869e+002,1.102375e-001
7.236691e+002,1.081552e-001
7.241511e+002,1.065086e-001
7.246333e+002,1.052786e-001
7.251154e+002,1.044462e-001
7.255975e+002,1.039993e-001
7.260797e+002,1.039305e-001
7.265618e+002,1.042271e-001
7.270439e+002,1.048520e-001
7.275260e+002,1.057227e-001
7.280082e+002,1.066949e-001
7.284902e+002,1.075613e-001
7.289724e+002,1.080750e-001
7.294545e+002,1.079945e-001
7.299366e+002,1.071438e-001
7.304188e+002,1.054662e-001
7.309009e+002,1.030448e-001
7.313831e+002,1.000844e-001
7.318651e+002,9.685504e-002
7.323473e+002,9.362810e-002
7.328293e+002,9.062304e-002
7.333115e+002,8.797966e-002
7.337936e+002,8.575616e-002
7.342758e+002,8.394539e-002
7.347579e+002,8.249943e-002
7.352400e+002,8.135378e-002
7.357222e+002,8.044367e-002
7.362042e+002,7.971289e-002
7.366864e+002,7.911500e-002
7.371685e+002,7.861256e-002
7.376506e+002,7.817656e-002
7.381328e+002,7.778768e-002
7.386149e+002,7.743654e-002
7.390970e+002,7.712240e-002
7.395791e+002,7.684785e-002
7.400613e+002,7.661452e-002
7.405434e+002,7.641794e-002
7.410255e+002,7.624794e-002
7.415076e+002,7.609309e-002
7.419897e+002,7.594553e-002
7.424719e+002,7.580540e-002
7.429540e+002,7.568122e-002
7.434362e+002,7.558519e-002
7.439182e+002,7.552734e-002
7.444004e+002,7.551108e-002
7.448825e+002,7.553224e-002
7.453646e+002,7.558224e-002
7.458467e+002,7.565458e-002
7.463289e+002,7.574843e-002
7.468110e+002,7.586929e-002
7.472931e+002,7.602553e-002
7.477753e+002,7.622329e-002
7.482574e+002,7.646158e-002
7.487395e+002,7.673305e-002
7.492216e+002,7.702664e-002
7.497037e+002,7.733364e-002
7.501859e+002,7.765148e-002
7.506680e+002,7.798425e-002
7.511501e+002,7.833843e-002
7.516322e+002,7.871797e-002
7.521144e+002,7.911970e-002
7.525965e+002,7.953421e-002
7.530786e+002,7.994924e-002
7.535608e+002,8.035618e-002
7.540428e+002,8.075359e-002
7.545250e+002,8.114710e-002
7.550071e+002,8.154436e-002
7.554893e+002,8.194906e-002
7.559714e+002,8.235630e-002
7.564535e+002,8.275412e-002
7.569356e+002,8.312804e-002
7.574177e+002,8.346790e-002
7.578999e+002,8.377209e-002
7.583820e+002,8.404629e-002
7.588641e+002,8.429752e-002
7.593463e+002,8.452678e-002
7.598284e+002,8.472490e-002
7.603105e+002,8.487444e-002
7.607926e+002,8.495589e-002
7.612748e+002,8.495657e-002
7.617568e+002,8.487555e-002
7.622390e+002,8.472258e-002
7.627211e+002,8.451102e-002
7.632032e+002,8.425013e-002
7.636854e+002,8.393981e-002
7.641675e+002,8.357181e-002
7.646496e+002,8.313685e-002
7.651317e+002,8.263196e-002
7.656139e+002,8.206534e-002
7.660959e+002,8.145479e-002
7.665781e+002,8.082042e-002
7.670602e+002,8.017676e-002
7.675424e+002,7.952856e-002
7.680245e+002,7.887116e-002
7.685066e+002,7.819756e-002
7.689888e+002,7.750546e-002
7.694708e+002,7.680138e-002
7.699530e+002,7.609960e-002
7.704351e+002,7.541604e-002
7.709172e+002,7.476171e-002
7.713994e+002,7.413825e-002
7.718815e+002,7.353833e-002
7.723636e+002,7.295214e-002
7.728457e+002,7.237229e-002
7.733279e+002,7.179888e-002
7.738099e+002,7.123899e-002
7.742921e+002,7.070262e-002
7.747742e+002,7.019741e-002
7.752563e+002,6.972478e-002
7.757385e+002,6.928039e-002
7.762206e+002,6.885718e-002
7.767028e+002,6.844958e-002
7.771848e+002,6.805646e-002
7.776670e+002,6.768034e-002
7.781491e+002,6.732421e-002
7.786312e+002,6.698804e-002
7.791133e+002,6.666642e-002
7.795955e+002,6.635084e-002
7.800776e+002,6.603318e-002
7.805597e+002,6.571013e-002
7.810419e+002,6.538514e-002
7.815239e+002,6.506680e-002
7.820061e+002,6.476501e-002
7.824882e+002,6.448599e-002
7.829703e+002,6.422979e-002
7.834525e+002,6.399145e-002
7.839346e+002,6.376354e-002
7.844167e+002,6.354079e-002
7.848988e+002,6.332174e-002
7.853810e+002,6.310853e-002
7.858631e+002,6.290388e-002
7.863452e+002,6.270844e-002
7.868273e+002,6.251916e-002
7.873094e+002,6.233061e-002
7.877916e+002,6.213866e-002
7.882737e+002,6.194284e-002
7.887559e+002,6.174764e-002
7.892380e+002,6.156025e-002
7.897201e+002,6.138656e-002
7.902022e+002,6.122830e-002
7.906843e+002,6.108141e-002
7.911665e+002,6.093852e-002
7.916486e+002,6.079260e-002
7.921307e+002,6.064085e-002
7.926128e+002,6.048505e-002
7.930950e+002,6.033047e-002
7.935771e+002,6.018107e-002
7.940592e+002,6.003620e-002
7.945413e+002,5.988957e-002
7.950234e+002,5.973179e-002
7.955056e+002,5.955430e-002
7.959877e+002,5.935432e-002
7.964698e+002,5.913574e-002
7.969520e+002,5.890693e-002
7.974341e+002,5.867645e-002
7.979162e+002,5.844849e-002
7.983983e+002,5.822118e-002
7.988805e+002,5.798908e-002
7.993625e+002,5.774639e-002
7.998447e+002,5.749220e-002
8.003268e+002,5.723121e-002
8.008090e+002,5.697267e-002
8.012911e+002,5.672519e-002
8.017732e+002,5.649379e-002
8.022553e+002,5.627676e-002
8.027374e+002,5.606842e-002
8.032196e+002,5.586239e-002
8.037017e+002,5.565517e-002
8.041838e+002,5.544825e-002
8.046660e+002,5.524693e-002
8.051481e+002,5.505632e-002
8.056302e+002,5.487871e-002
8.061123e+002,5.471161e-002
8.065945e+002,5.454994e-002
8.070765e+002,5.438921e-002
8.075587e+002,5.422885e-002
8.080408e+002,5.407358e-002
8.085229e+002,5.393125e-002
8.090051e+002,5.380854e-002
8.094872e+002,5.370787e-002
8.099694e+002,5.362471e-002
8.104514e+002,5.355015e-002
8.109336e+002,5.347384e-002
8.114156e+002,5.338889e-002
8.118978e+002,5.329367e-002
8.123799e+002,5.319128e-002
8.128621e+002,5.308711e-002
8.133442e+002,5.298525e-002
8.138263e+002,5.288672e-002
8.143085e+002,5.278998e-002
8.147905e+002,5.269355e-002
8.152727e+002,5.259800e-002
8.157548e+002,5.250662e-002
8.162369e+002,5.242383e-002
8.167191e+002,5.235156e-002
8.172012e+002,5.228748e-002
8.176833e+002,5.222381e-002
8.181654e+002,5.215077e-002
8.186476e+002,5.206045e-002
8.191296e+002,5.195122e-002
8.196118e+002,5.182875e-002
8.200939e+002,5.170458e-002
8.205760e+002,5.159118e-002
8.210582e+002,5.149674e-002
8.215403e+002,5.142337e-002
8.220225e+002,5.136692e-002
8.225045e+002,5.132075e-002
8.229867e+002,5.127965e-002
8.234688e+002,5.124298e-002
8.239509e+002,5.121492e-002
8.244330e+002,5.120200e-002
8.249152e+002,5.120976e-002
8.253973e+002,5.124002e-002
8.258794e+002,5.129043e-002
8.263616e+002,5.135613e-002
8.268437e+002,5.143173e-002
8.273258e+002,5.151393e-002
8.278079e+002,5.160228e-002
8.282900e+002,5.169741e-002
8.287722e+002,5.180069e-002
8.292543e+002,5.191257e-002
8.297365e+002,5.203319e-002
8.302185e+002,5.216384e-002
8.307007e+002,5.230739e-002
8.311828e+002,5.246875e-002
8.316649e+002,5.265273e-002
8.321470e+002,5.286173e-002
8.326292e+002,5.309385e-002
8.331113e+002,5.334248e-002
8.335934e+002,5.359900e-002
8.340756e+002,5.385574e-002
8.345577e+002,5.410962e-002
8.350398e+002,5.436305e-002
8.355219e+002,5.462244e-002
8.360040e+002,5.489389e-002
8.364862e+002,5.518030e-002
8.369683e+002,5.547852e-002
8.374504e+002,5.578110e-002
8.379325e+002,5.607884e-002
8.384147e+002,5.636543e-002
8.388968e+002,5.663945e-002
8.393789e+002,5.690422e-002
8.398610e+002,5.716436e-002
8.403431e+002,5.742284e-002
8.408253e+002,5.767845e-002
8.413074e+002,5.792611e-002
8.417896e+002,5.815995e-002
8.422717e+002,5.837645e-002
8.427538e+002,5.857597e-002
8.432359e+002,5.876237e-002
8.437180e+002,5.893952e-002
8.442002e+002,5.910904e-002
8.446823e+002,5.926829e-002
8.451644e+002,5.941209e-002
8.456465e+002,5.953572e-002
8.461287e+002,5.963880e-002
8.466108e+002,5.972604e-002
8.470929e+002,5.980575e-002
8.475751e+002,5.988528e-002
8.480571e+002,5.996789e-002
8.485393e+002,6.005109e-002
8.490214e+002,6.012794e-002
8.495035e+002,6.019190e-002
8.499857e+002,6.024019e-002
8.504678e+002,6.027555e-002
8.509499e+002,6.030458e-002
8.514320e+002,6.033310e-002
8.519142e+002,6.036283e-002
8.523962e+002,6.038968e-002
8.528784e+002,6.040607e-002
8.533605e+002,6.040603e-002
8.538427e+002,6.038890e-002
8.543248e+002,6.036156e-002
8.548069e+002,6.033547e-002
8.552891e+002,6.032163e-002
8.557711e+002,6.032501e-002
8.562533e+002,6.034207e-002
8.567354e+002,6.036258e-002
8.572175e+002,6.037443e-002
8.576996e+002,6.036929e-002
8.581818e+002,6.034554e-002
8.586639e+002,6.030789e-002
8.591460e+002,6.026336e-002
8.596282e+002,6.021621e-002
8.601102e+002,6.016511e-002
8.605924e+002,6.010396e-002
8.610745e+002,6.002514e-002
8.615566e+002,5.992393e-002
8.620388e+002,5.980041e-002
8.625209e+002,5.965985e-002
8.630031e+002,5.950709e-002
8.634851e+002,5.934469e-002
8.639673e+002,5.916951e-002
8.644494e+002,5.897471e-002
8.649315e+002,5.875320e-002
8.654136e+002,5.850134e-002
8.658958e+002,5.822120e-002
8.663779e+002,5.791826e-002
8.668600e+002,5.759787e-002
8.673422e+002,5.726171e-002
8.678242e+002,5.690615e-002
8.683064e+002,5.652420e-002
8.687885e+002,5.610991e-002
8.692706e+002,5.566135e-002
8.697527e+002,5.518347e-002
8.702349e+002,5.468551e-002
8.707170e+002,5.417734e-002
8.711991e+002,5.366589e-002
8.716813e+002,5.315291e-002
8.721634e+002,5.263716e-002
8.726455e+002,5.211663e-002
8.731276e+002,5.159170e-002
8.736097e+002,5.106604e-002
8.740919e+002,5.054550e-002
8.745740e+002,5.003517e-002
8.750562e+002,4.953753e-002
8.755382e+002,4.905197e-002
8.760204e+002,4.857642e-002
8.765025e+002,4.811003e-002
8.769846e+002,4.765526e-002
8.774668e+002,4.721742e-002
8.779489e+002,4.680328e-002
8.784310e+002,4.641818e-002
8.789131e+002,4.606458e-002
8.793953e+002,4.574147e-002
8.798774e+002,4.544711e-002
8.803595e+002,4.518051e-002
8.808416e+002,4.494307e-002
8.813237e+002,4.473872e-002
8.818059e+002,4.457172e-002
8.822880e+002,4.444452e-002
8.827701e+002,4.435618e-002
8.832523e+002,4.430223e-002
8.837344e+002,4.427678e-002
8.842165e+002,4.427434e-002
8.846986e+002,4.429151e-002
8.851808e+002,4.432792e-002
8.856628e+002,4.438451e-002
8.861450e+002,4.446196e-002
8.866271e+002,4.455926e-002
8.871093e+002,4.467330e-002
8.875914e+002,4.480016e-002
8.880735e+002,4.493649e-002
8.885556e+002,4.508115e-002
8.890377e+002,4.523448e-002
8.895199e+002,4.539783e-002
8.900020e+002,4.557047e-002
8.904841e+002,4.574900e-002
8.909662e+002,4.592675e-002
8.914484e+002,4.609616e-002
8.919305e+002,4.625108e-002
8.924126e+002,4.638919e-002
8.928948e+002,4.651308e-002
8.933768e+002,4.662822e-002
8.938590e+002,4.674139e-002
8.943411e+002,4.685699e-002
8.948232e+002,4.697620e-002
8.953054e+002,4.709746e-002
8.957875e+002,4.721829e-002
8.962697e+002,4.733718e-002
8.967517e+002,4.745464e-002
8.972339e+002,4.757258e-002
8.977159e+002,4.769272e-002
8.981981e+002,4.781515e-002
8.986802e+002,4.793732e-002
8.991624e+002,4.805539e-002
8.996445e+002,4.816606e-002
9.001266e+002,4.826851e-002
9.006088e+002,4.836563e-002
9.010908e+002,4.846288e-002
9.015730e+002,4.856628e-002
9.020551e+002,4.868071e-002
9.025372e+002,4.880849e-002
9.030193e+002,4.895024e-002
9.035015e+002,4.910576e-002
9.039836e+002,4.927582e-002
9.044657e+002,4.946256e-002
9.049479e+002,4.966890e-002
9.054299e+002,4.989660e-002
9.059121e+002,5.014522e-002
9.063942e+002,5.041150e-002
9.068763e+002,5.069033e-002
9.073585e+002,5.097701e-002
9.078406e+002,5.126897e-002
9.083228e+002,5.156659e-002
9.088048e+002,5.187295e-002
9.092870e+002,5.219179e-002
9.097691e+002,5.252601e-002
9.102512e+002,5.287638e-002
9.107333e+002,5.324259e-002
9.112155e+002,5.362470e-002
9.116976e+002,5.402499e-002
9.121797e+002,5.444791e-002
9.126619e+002,5.489933e-002
9.131440e+002,5.538398e-002
9.136261e+002,5.590358e-002
9.141082e+002,5.645583e-002
9.145903e+002,5.703581e-002
9.150724e+002,5.763774e-002
9.155546e+002,5.825773e-002
9.160367e+002,5.889494e-002
9.165189e+002,5.955059e-002
9.170010e+002,6.022580e-002
9.174831e+002,6.091885e-002
9.179652e+002,6.162486e-002
9.184473e+002,6.233631e-002
9.189294e+002,6.304680e-002
9.194116e+002,6.375360e-002
9.198937e+002,6.445881e-002
9.203759e+002,6.516785e-002
9.208580e+002,6.588519e-002
9.213401e+002,6.661107e-002
9.218222e+002,6.733902e-002
9.223043e+002,6.805739e-002
9.227864e+002,6.875399e-002
9.232686e+002,6.942051e-002
9.237507e+002,7.005551e-002
9.242328e+002,7.066348e-002
9.247150e+002,7.125041e-002
9.251971e+002,7.181930e-002
9.256792e+002,7.236700e-002
9.261613e+002,7.288549e-002
9.266434e+002,7.336702e-002
9.271255e+002,7.380770e-002
9.276077e+002,7.421256e-002
9.280898e+002,7.459219e-002
9.285720e+002,7.495887e-002
9.290541e+002,7.532094e-002
9.295362e+002,7.567889e-002
9.300183e+002,7.602648e-002
9.305004e+002,7.635479e-002
9.309826e+002,7.665779e-002
9.314647e+002,7.693505e-002
9.319468e+002,7.719155e-002
9.324290e+002,7.743242e-002
9.329111e+002,7.765854e-002
9.333932e+002,7.786278e-002
9.338753e+002,7.803290e-002
9.343574e+002,7.815565e-002
9.348396e+002,7.822324e-002
9.353217e+002,7.823642e-002
9.358038e+002,7.820355e-002
9.362859e+002,7.813450e-002
9.367681e+002,7.803613e-002
9.372502e+002,7.790688e-002
9.377323e+002,7.773978e-002
9.382144e+002,7.752501e-002
9.386966e+002,7.725651e-002
9.391787e+002,7.693423e-002
9.396608e+002,7.656314e-002
9.401429e+002,7.614888e-002
9.406251e+002,7.569366e-002
9.411072e+002,7.519411e-002
9.415893e+002,7.464366e-002
9.420714e+002,7.403758e-002
9.425536e+002,7.337782e-002
9.430357e+002,7.267380e-002
9.435178e+002,7.193960e-002
9.439999e+002,7.118867e-002
9.444821e+002,7.042742e-002
9.449642e+002,6.965475e-002
9.454463e+002,6.886339e-002
9.459284e+002,6.804578e-002
9.464106e+002,6.719893e-002
9.468927e+002,6.632706e-002
9.473748e+002,6.544045e-002
9.478569e+002,6.455092e-002
9.483391e+002,6.366814e-002
9.488212e+002,6.279866e-002
9.493033e+002,6.194710e-002
9.497855e+002,6.111935e-002
9.502676e+002,6.032541e-002
9.507497e+002,5.957968e-002
9.512318e+002,5.889810e-002
9.517139e+002,5.829362e-002
9.521960e+002,5.777361e-002
9.526782e+002,5.733821e-002
9.531603e+002,5.698235e-002
9.536425e+002,5.669966e-002
9.541246e+002,5.648497e-002
9.546067e+002,5.633694e-002
9.550888e+002,5.625597e-002
9.555709e+002,5.624306e-002
9.560530e+002,5.629665e-002
9.565352e+002,5.641165e-002
9.570173e+002,5.658053e-002
9.574995e+002,5.679582e-002
9.579816e+002,5.705287e-002
9.584637e+002,5.735142e-002
9.589458e+002,5.769466e-002
9.594279e+002,5.808670e-002
9.599100e+002,5.852992e-002
9.603922e+002,5.902282e-002
9.608743e+002,5.956089e-002
9.613564e+002,6.013802e-002
9.618386e+002,6.074948e-002
9.623207e+002,6.139450e-002
9.628028e+002,6.207580e-002
9.632849e+002,6.279791e-002
9.637670e+002,6.356442e-002
9.642491e+002,6.437605e-002
9.647313e+002,6.523044e-002
9.652134e+002,6.612435e-002
9.656956e+002,6.705590e-002
9.661777e+002,6.802671e-002
9.666598e+002,6.904206e-002
9.671419e+002,7.010837e-002
9.676240e+002,7.123056e-002
9.681061e+002,7.240970e-002
9.685883e+002,7.364325e-002
9.690704e+002,7.492813e-002
9.695526e+002,7.626376e-002
9.700347e+002,7.765462e-002
9.705168e+002,7.911017e-002
9.709989e+002,8.064127e-002
9.714810e+002,8.225641e-002
9.719631e+002,8.395861e-002
9.724453e+002,8.574521e-002
9.729274e+002,8.761171e-002
9.734095e+002,8.955631e-002
9.738917e+002,9.158396e-002
9.743738e+002,9.370674e-002
9.748559e+002,9.593931e-002
9.753380e+002,9.829380e-002
9.758201e+002,1.007753e-001
9.763023e+002,1.033814e-001
9.767844e+002,1.061064e-001
9.772665e+002,1.089482e-001
9.777487e+002,1.119137e-001
9.782308e+002,1.150187e-001
9.787129e+002,1.182832e-001
9.791950e+002,1.217223e-001
9.796771e+002,1.253390e-001
9.801593e+002,1.291225e-001
9.806414e+002,1.330541e-001
9.811235e+002,1.371155e-001
9.816057e+002,1.412989e-001
9.820878e+002,1.456078e-001
9.825699e+002,1.500520e-001
9.830520e+002,1.546354e-001
9.835342e+002,1.593460e-001
9.840163e+002,1.641538e-001
9.844984e+002,1.690173e-001
9.849805e+002,1.738983e-001
9.854626e+002,1.787743e-001
9.859448e+002,1.836419e-001
9.864269e+002,1.885095e-001
9.869090e+002,1.933812e-001
9.873912e+002,1.982436e-001
9.878733e+002,2.030626e-001
9.883554e+002,2.077931e-001
9.888375e+002,2.123971e-001
9.893196e+002,2.168597e-001
9.898018e+002,2.211912e-001
9.902839e+002,2.254145e-001
9.907660e+002,2.295449e-001
9.912482e+002,2.335721e-001
9.917303e+002,2.374587e-001
9.922124e+002,2.411543e-001
9.926945e+002,2.446187e-001
9.931766e+002,2.478418e-001
9.936588e+002,2.508450e-001
9.941409e+002,2.536658e-001
9.946230e+002,2.563322e-001
9.951052e+002,2.588432e-001
9.955873e+002,2.611679e-001
9.960694e+002,2.632636e-001
9.965515e+002,2.651020e-001
9.970336e+002,2.666895e-001
9.975157e+002,2.680682e-001
9.979979e+002,2.692960e-001
9.984800e+002,2.704191e-001
9.989622e+002,2.714517e-001
9.994443e+002,2.723776e-001
9.999264e+002,2.731693e-001
1.000409e+003,2.738167e-001
1.000891e+003,2.743454e-001
1.001373e+003,2.748147e-001
1.001855e+003,2.752951e-001
1.002337e+003,2.758380e-001
1.002819e+003,2.764560e-001
1.003301e+003,2.771233e-001
1.003783e+003,2.777987e-001
1.004266e+003,2.784550e-001
1.004748e+003,2.791017e-001
1.005230e+003,2.797842e-001
1.005712e+003,2.805617e-001
1.006194e+003,2.814768e-001
1.006676e+003,2.825341e-001
1.007158e+003,2.836990e-001
1.007640e+003,2.849193e-001
1.008122e+003,2.861557e-001
1.008605e+003,2.874043e-001
1.009087e+003,2.886977e-001
1.009569e+003,2.900832e-001
1.010051e+003,2.915908e-001
1.010533e+003,2.932103e-001
1.011015e+003,2.948900e-001
1.011497e+003,2.965594e-001
1.011979e+003,2.981603e-001
1.012462e+003,2.996743e-001
1.012944e+003,3.011237e-001
1.013426e+003,3.025497e-001
1.013908e+003,3.039787e-001
1.014390e+003,3.053976e-001
1.014872e+003,3.067519e-001
1.015354e+003,3.079689e-001
1.015836e+003,3.089924e-001
1.016319e+003,3.098087e-001
1.016801e+003,3.104486e-001
1.017283e+003,3.109613e-001
1.017765e+003,3.113809e-001
1.018247e+003,3.116996e-001
1.018729e+003,3.118687e-001
1.019211e+003,3.118235e-001
1.019693e+003,3.115196e-001
1.020176e+003,3.109587e-001
1.020658e+003,3.101869e-001
1.021140e+003,3.092681e-001
1.021622e+003,3.082473e-001
1.022104e+003,3.071254e-001
1.022586e+003,3.058620e-001
1.023068e+003,3.044015e-001
1.023550e+003,3.027096e-001
1.024033e+003,3.007980e-001
1.024515e+003,2.987220e-001
1.024997e+003,2.965528e-001
1.025479e+003,2.943419e-001
1.025961e+003,2.920974e-001
1.026443e+003,2.897869e-001
1.026925e+003,2.873632e-001
1.027407e+003,2.847987e-001
1.027890e+003,2.821075e-001
1.028372e+003,2.793437e-001
1.028854e+003,2.765763e-001
1.029336e+003,2.738568e-001
1.029818e+003,2.711987e-001
1.030300e+003,2.685787e-001
1.030782e+003,2.659602e-001
1.031264e+003,2.633222e-001
1.031747e+003,2.606789e-001
1.032229e+003,2.580771e-001
1.032711e+003,2.555751e-001
1.033193e+003,2.532136e-001
1.033675e+003,2.509970e-001
1.034157e+003,2.488959e-001
1.034639e+003,2.468659e-001
1.035121e+003,2.448754e-001
1.035604e+003,2.429219e-001
1.036086e+003,2.410322e-001
1.036568e+003,2.392428e-001
1.037050e+003,2.375760e-001
1.037532e+003,2.360231e-001
1.038014e+003,2.345461e-001
1.038496e+003,2.330962e-001
1.038979e+003,2.316372e-001
1.039461e+003,2.301620e-001
1.039943e+003,2.286920e-001
1.040425e+003,2.272578e-001
1.040907e+003,2.258778e-001
1.041389e+003,2.245419e-001
1.041871e+003,2.232143e-001
1.042353e+003,2.218507e-001
1.042835e+003,2.204215e-001
1.043318e+003,2.189270e-001
1.043800e+003,2.173965e-001
1.044282e+003,2.158696e-001
1.044764e+003,2.143750e-001
1.045246e+003,2.129150e-001
1.045728e+003,2.114664e-001
1.046210e+003,2.099968e-001
1.046692e+003,2.084860e-001
1.047175e+003,2.069391e-001
1.047657e+003,2.053855e-001
1.048139e+003,2.038615e-001
1.048621e+003,2.023911e-001
1.049103e+003,2.009709e-001
1.049585e+003,1.995729e-001
1.050067e+003,1.981598e-001
1.050549e+003,1.967052e-001
1.051031e+003,1.952067e-001
1.051514e+003,1.936845e-001
1.051996e+003,1.921662e-001
1.052478e+003,1.906677e-001
1.052960e+003,1.891804e-001
1.053442e+003,1.876732e-001
1.053924e+003,1.861067e-001
1.054406e+003,1.844528e-001
1.054889e+003,1.827070e-001
1.055371e+003,1.808874e-001
1.055853e+003,1.790203e-001
1.056335e+003,1.771231e-001
1.056817e+003,1.751928e-001
1.057299e+003,1.732070e-001
1.057781e+003,1.711377e-001
1.058263e+003,1.689682e-001
1.058746e+003,1.667033e-001
1.059228e+003,1.643692e-001
1.059710e+003,1.620001e-001
1.060192e+003,1.596242e-001
1.060674e+003,1.572554e-001
1.061156e+003,1.548943e-001
1.061638e+003,1.525407e-001
1.062120e+003,1.502071e-001
1.062603e+003,1.479254e-001
1.063085e+003,1.457444e-001
1.063567e+003,1.437173e-001
1.064049e+003,1.418895e-001
1.064531e+003,1.402897e-001
1.065013e+003,1.389332e-001
1.065495e+003,1.378301e-001
1.065977e+003,1.369982e-001
1.066460e+003,1.364688e-001
1.066942e+003,1.362868e-001
1.067424e+003,1.364991e-001
1.067906e+003,1.371442e-001
1.068388e+003,1.382413e-001
1.068870e+003,1.397895e-001
1.069352e+003,1.417719e-001
1.069834e+003,1.441654e-001
1.070317e+003,1.469472e-001
1.070799e+003,1.500951e-001
1.071281e+003,1.535801e-001
1.071763e+003,1.573538e-001
1.072245e+003,1.613390e-001
1.072727e+003,1.654289e-001
1.073209e+003,1.694995e-001
1.073691e+003,1.734290e-001
1.074174e+003,1.771164e-001
1.074656e+003,1.804908e-001
1.075138e+003,1.835045e-001
1.075620e+003,1.861197e-001
1.076102e+003,1.882928e-001
1.076584e+003,1.899747e-001
1.077066e+003,1.911209e-001
1.077548e+003,1.917111e-001
1.078031e+003,1.917619e-001
1.078513e+003,1.913257e-001
1.078995e+003,1.904729e-001
1.079477e+003,1.892693e-001
1.079959e+003,1.877598e-001
1.080441e+003,1.859675e-001
1.080923e+003,1.839056e-001
1.081406e+003,1.815967e-001
1.081888e+003,1.790833e-001
1.082370e+003,1.764264e-001
1.082852e+003,1.736911e-001
1.083334e+003,1.709288e-001
1.083816e+003,1.681670e-001
1.084298e+003,1.654115e-001
1.084780e+003,1.626594e-001
1.085262e+003,1.599141e-001
1.085745e+003,1.571963e-001
1.086227e+003,1.545413e-001
1.086709e+003,1.519889e-001
1.087191e+003,1.495688e-001
1.087673e+003,1.472931e-001
1.088155e+003,1.451573e-001
1.088637e+003,1.431502e-001
1.089119e+003,1.412662e-001
1.089602e+003,1.395124e-001
1.090084e+003,1.379086e-001
1.090566e+003,1.364784e-001
1.091048e+003,1.352389e-001
1.091530e+003,1.341940e-001
1.092012e+003,1.333346e-001
1.092494e+003,1.326452e-001
1.092976e+003,1.321144e-001
1.093458e+003,1.317385e-001
1.093941e+003,1.315228e-001
1.094423e+003,1.314730e-001
1.094905e+003,1.315861e-001
1.095387e+003,1.318452e-001
1.095869e+003,1.322203e-001
1.096351e+003,1.326757e-001
1.096833e+003,1.331814e-001
1.097316e+003,1.337194e-001
1.097798e+003,1.342847e-001
1.098280e+003,1.348769e-001
1.098762e+003,1.354904e-001
1.099244e+003,1.361067e-001
1.099726e+003,1.366952e-001
1.100208e+003,1.372202e-001
1.100690e+003,1.376534e-001
1.101173e+003,1.379820e-001
1.101655e+003,1.382100e-001
1.102137e+003,1.383496e-001
1.102619e+003,1.384113e-001
1.103101e+003,1.383949e-001
1.103583e+003,1.382892e-001
1.104065e+003,1.380806e-001
1.104547e+003,1.377625e-001
1.105030e+003,1.373429e-001
1.105512e+003,1.368442e-001
1.105994e+003,1.362945e-001
1.106476e+003,1.357168e-001
1.106958e+003,1.351214e-001
1.107440e+003,1.345056e-001
1.107922e+003,1.338616e-001
1.108404e+003,1.331860e-001
1.108886e+003,1.324872e-001
1.109369e+003,1.317846e-001
1.109851e+003,1.311016e-001
1.110333e+003,1.304561e-001
1.110815e+003,1.298541e-001
1.111297e+003,1.292894e-001
1.111779e+003,1.287514e-001
1.112261e+003,1.282323e-001
1.112744e+003,1.277343e-001
1.113226e+003,1.272683e-001
1.113708e+003,1.268475e-001
1.114190e+003,1.264797e-001
1.114672e+003,1.261615e-001
1.115154e+003,1.258792e-001
1.115636e+003,1.256158e-001
1.116118e+003,1.253591e-001
1.116601e+003,1.251071e-001
1.117083e+003,1.248672e-001
1.117565e+003,1.246498e-001
1.118047e+003,1.244589e-001
1.118529e+003,1.242883e-001
1.119011e+003,1.241208e-001
1.119493e+003,1.239367e-001
1.119975e+003,1.237213e-001
1.120458e+003,1.234716e-001
1.120940e+003,1.231954e-001
1.121422e+003,1.229046e-001
1.121904e+003,1.226072e-001
1.122386e+003,1.223016e-001
1.122868e+003,1.219777e-001
1.123350e+003,1.216221e-001
1.123832e+003,1.212279e-001
1.124314e+003,1.207993e-001
1.124797e+003,1.203508e-001
1.125279e+003,1.199018e-001
1.125761e+003,1.194680e-001
1.126243e+003,1.190565e-001
1.126725e+003,1.186659e-001
1.127207e+003,1.182934e-001
1.127689e+003,1.179412e-001
1.128172e+003,1.176215e-001
1.128654e+003,1.173559e-001
1.129136e+003,1.171691e-001
1.129618e+003,1.170807e-001
1.130100e+003,1.171007e-001
1.130582e+003,1.172300e-001
1.131064e+003,1.174656e-001
1.131546e+003,1.178078e-001
1.132029e+003,1.182655e-001
1.132511e+003,1.188561e-001
1.132993e+003,1.195993e-001
1.133475e+003,1.205101e-001
1.133957e+003,1.215924e-001
1.134439e+003,1.228391e-001
1.134921e+003,1.242362e-001
1.135403e+003,1.257704e-001
1.135885e+003,1.274357e-001
1.136368e+003,1.292345e-001
1.136850e+003,1.311724e-001
1.137332e+003,1.332513e-001
1.137814e+003,1.354618e-001
1.138296e+003,1.377830e-001
1.138778e+003,1.401870e-001
1.139260e+003,1.426487e-001
1.139742e+003,1.451533e-001
1.140225e+003,1.476974e-001
1.140707e+003,1.502833e-001
1.141189e+003,1.529092e-001
1.141671e+003,1.555607e-001
1.142153e+003,1.582095e-001
1.142635e+003,1.608198e-001
1.143117e+003,1.633604e-001
1.143599e+003,1.658140e-001
1.144082e+003,1.681795e-001
1.144564e+003,1.704635e-001
1.145046e+003,1.726686e-001
1.145528e+003,1.747823e-001
1.146010e+003,1.767768e-001
1.146492e+003,1.786169e-001
1.146974e+003,1.802745e-001
1.147457e+003,1.817387e-001
1.147939e+003,1.830166e-001
1.148421e+003,1.841230e-001
1.148903e+003,1.850657e-001
1.149385e+003,1.858344e-001
1.149867e+003,1.864006e-001
1.150349e+003,1.867290e-001
1.150831e+003,1.867938e-001
1.151313e+003,1.865894e-001
1.151796e+003,1.861314e-001
1.152278e+003,1.854444e-001
1.152760e+003,1.845463e-001
1.153242e+003,1.834376e-001
1.153724e+003,1.821028e-001
1.154206e+003,1.805211e-001
1.154688e+003,1.786831e-001
1.155170e+003,1.765997e-001
1.155653e+003,1.743020e-001
1.156135e+003,1.718282e-001
1.156617e+003,1.692089e-001
1.157099e+003,1.664583e-001
1.157581e+003,1.635749e-001
1.158063e+003,1.605525e-001
1.158545e+003,1.573920e-001
1.159027e+003,1.541101e-001
1.159510e+003,1.507364e-001
1.159992e+003,1.473040e-001
1.160474e+003,1.438392e-001
1.160956e+003,1.403545e-001
1.161438e+003,1.368519e-001
1.161920e+003,1.333309e-001
1.162402e+003,1.297973e-001
1.162885e+003,1.262680e-001
1.163367e+003,1.227678e-001
1.163849e+003,1.193218e-001
1.164331e+003,1.159475e-001
1.164813e+003,1.126514e-001
1.165295e+003,1.094316e-001
1.165777e+003,1.062850e-001
1.166259e+003,1.032128e-001
1.166741e+003,1.002239e-001
1.167224e+003,9.733187e-002
1.167706e+003,9.455057e-002
1.168188e+003,9.188873e-002
1.168670e+003,8.934720e-002
1.169152e+003,8.692253e-002
1.169634e+003,8.460946e-002
1.170116e+003,8.240478e-002
1.170598e+003,8.030929e-002
1.171081e+003,7.832520e-002
1.171563e+003,7.645325e-002
1.172045e+003,7.469077e-002
1.172527e+003,7.303151e-002
1.173009e+003,7.146727e-002
1.173491e+003,6.999163e-002
1.173973e+003,6.860125e-002
1.174455e+003,6.729583e-002
1.174938e+003,6.607634e-002
1.175420e+003,6.494202e-002
1.175902e+003,6.388820e-002
1.176384e+003,6.290741e-002
1.176866e+003,6.198999e-002
1.177348e+003,6.112793e-002
1.177830e+003,6.031610e-002
1.178313e+003,5.955306e-002
1.178795e+003,5.883912e-002
1.179277e+003,5.817560e-002
1.179759e+003,5.756194e-002
1.180241e+003,5.699589e-002
1.180723e+003,5.647397e-002
1.181205e+003,5.599260e-002
1.181687e+003,5.554927e-002
1.182169e+003,5.514266e-002
1.182652e+003,5.477212e-002
1.183134e+003,5.443620e-002
1.183616e+003,5.413356e-002
1.184098e+003,5.386147e-002
1.184580e+003,5.361814e-002
1.185062e+003,5.340246e-002
1.185544e+003,5.321454e-002
1.186026e+003,5.305541e-002
1.186509e+003,5.292612e-002
1.186991e+003,5.282644e-002
1.187473e+003,5.275497e-002
1.187955e+003,5.270929e-002
1.188437e+003,5.268697e-002
1.188919e+003,5.268645e-002
1.189401e+003,5.270781e-002
1.189883e+003,5.275218e-002
1.190366e+003,5.282118e-002
1.190848e+003,5.291612e-002
1.191330e+003,5.303705e-002
1.191812e+003,5.318278e-002
1.192294e+003,5.335172e-002
1.192776e+003,5.354182e-002
1.193258e+003,5.375171e-002
1.193740e+003,5.398000e-002
1.194223e+003,5.422571e-002
1.194705e+003,5.448699e-002
1.195187e+003,5.476087e-002
1.195669e+003,5.504357e-002
1.196151e+003,5.533031e-002
1.196633e+003,5.561731e-002
1.197115e+003,5.590152e-002
1.197597e+003,5.618134e-002
1.198080e+003,5.645629e-002
1.198562e+003,5.672615e-002
1.199044e+003,5.699032e-002
1.199526e+003,5.724682e-002
1.200008e+003,5.749346e-002
1.200490e+003,5.772731e-002
1.200972e+003,5.794594e-002
1.201454e+003,5.814763e-002
1.201937e+003,5.833077e-002
1.202419e+003,5.849354e-002
1.202901e+003,5.863373e-002
1.203383e+003,5.874809e-002
1.203865e+003,5.883399e-002
1.204347e+003,5.888899e-002
1.204829e+003,5.891293e-002
1.205312e+003,5.890700e-002
1.205794e+003,5.887391e-002
1.206276e+003,5.881621e-002
1.206758e+003,5.873594e-002
1.207240e+003,5.863427e-002
1.207722e+003,5.851150e-002
1.208204e+003,5.836901e-002
1.208686e+003,5.820859e-002
1.209168e+003,5.803342e-002
1.209651e+003,5.784679e-002
1.210133e+003,5.765158e-002
1.210615e+003,5.745023e-002
1.211097e+003,5.724470e-002
1.211579e+003,5.703720e-002
1.212061e+003,5.683149e-002
1.212543e+003,5.663251e-002
1.213025e+003,5.644562e-002
1.213508e+003,5.627574e-002
1.213990e+003,5.612599e-002
1.214472e+003,5.599789e-002
1.214954e+003,5.589139e-002
1.215436e+003,5.580658e-002
1.215918e+003,5.574396e-002
1.216400e+003,5.570618e-002
1.216882e+003,5.569657e-002
1.217365e+003,5.571841e-002
1.217847e+003,5.577371e-002
1.218329e+003,5.586268e-002
1.218811e+003,5.598412e-002
1.219293e+003,5.613592e-002
1.219775e+003,5.631708e-002
1.220257e+003,5.652702e-002
1.220740e+003,5.676623e-002
1.221222e+003,5.703529e-002
1.221704e+003,5.733350e-002
1.222186e+003,5.765864e-002
1.222668e+003,5.800700e-002
1.223150e+003,5.837386e-002
1.223632e+003,5.875503e-002
1.224114e+003,5.914766e-002
1.224596e+003,5.955036e-002
1.225079e+003,5.996358e-002
1.225561e+003,6.038685e-002
1.226043e+003,6.081943e-002
1.226525e+003,6.125840e-002
1.227007e+003,6.169976e-002
1.227489e+003,6.213899e-002
1.227971e+003,6.257266e-002
1.228453e+003,6.299926e-002
1.228936e+003,6.341890e-002
1.229418e+003,6.383222e-002
1.229900e+003,6.423908e-002
1.230382e+003,6.463781e-002
1.230864e+003,6.502536e-002
1.231346e+003,6.539791e-002
1.231828e+003,6.575318e-002
1.232310e+003,6.609011e-002
1.232792e+003,6.641025e-002
1.233275e+003,6.671515e-002
1.233757e+003,6.700578e-002
1.234239e+003,6.728157e-002
1.234721e+003,6.753967e-002
1.235203e+003,6.777708e-002
1.235685e+003,6.799145e-002
1.236167e+003,6.818226e-002
1.236650e+003,6.835062e-002
1.237132e+003,6.849818e-002
1.237614e+003,6.862587e-002
1.238096e+003,6.873223e-002
1.238578e+003,6.881487e-002
1.239060e+003,6.887169e-002
1.239542e+003,6.890176e-002
1.240024e+003,6.890680e-002
1.240507e+003,6.889048e-002
1.240989e+003,6.885679e-002
1.241471e+003,6.880768e-002
1.241953e+003,6.874269e-002
1.242435e+003,6.865918e-002
1.242917e+003,6.855326e-002
1.243399e+003,6.842311e-002
1.243881e+003,6.826869e-002
1.244364e+003,6.809290e-002
1.244846e+003,6.789916e-002
1.245328e+003,6.769087e-002
1.245810e+003,6.746966e-002
1.246292e+003,6.723635e-002
1.246774e+003,6.699146e-002
1.247256e+003,6.673691e-002
1.247738e+003,6.647636e-002
1.248220e+003,6.621458e-002
1.248703e+003,6.595603e-002
1.249185e+003,6.570433e-002
1.249667e+003,6.546075e-002
1.250149e+003,6.522510e-002
1.250631e+003,6.499761e-002
1.251113e+003,6.477915e-002
1.251595e+003,6.457205e-002
1.252078e+003,6.437959e-002
1.252560e+003,6.420421e-002
1.253042e+003,6.404656e-002
1.253524e+003,6.390528e-002
1.254006e+003,6.377741e-002
1.254488e+003,6.365896e-002
1.254970e+003,6.354729e-002
1.255452e+003,6.344056e-002
1.255935e+003,6.333835e-002
1.256417e+003,6.324026e-002
1.256899e+003,6.314515e-002
1.257381e+003,6.305163e-002
1.257863e+003,6.295765e-002
1.258345e+003,6.286207e-002
1.258827e+003,6.276496e-002
1.259309e+003,6.266790e-002
1.259792e+003,6.257357e-002
1.260274e+003,6.248381e-002
1.260756e+003,6.239942e-002
1.261238e+003,6.231949e-002
1.261720e+003,6.224209e-002
1.262202e+003,6.216548e-002
1.262684e+003,6.208915e-002
1.263166e+003,6.201392e-002
1.263648e+003,6.194153e-002
1.264131e+003,6.187340e-002
1.264613e+003,6.181058e-002
1.265095e+003,6.175247e-002
1.265577e+003,6.169748e-002
1.266059e+003,6.164405e-002
1.266541e+003,6.159201e-002
1.267023e+003,6.154211e-002
1.267505e+003,6.149625e-002
1.267988e+003,6.145637e-002
1.268470e+003,6.142433e-002
1.268952e+003,6.140086e-002
1.269434e+003,6.138653e-002
1.269916e+003,6.138166e-002
1.270398e+003,6.138756e-002
1.270880e+003,6.140568e-002
1.271363e+003,6.143766e-002
1.271845e+003,6.148436e-002
1.272327e+003,6.154508e-002
1.272809e+003,6.161786e-002
1.273291e+003,6.169992e-002
1.273773e+003,6.178850e-002
1.274255e+003,6.188214e-002
1.274737e+003,6.198051e-002
1.275219e+003,6.208435e-002
1.275702e+003,6.219479e-002
1.276184e+003,6.231206e-002
1.276666e+003,6.243581e-002
1.277148e+003,6.256516e-002
1.277630e+003,6.269849e-002
1.278112e+003,6.283545e-002
1.278594e+003,6.297538e-002
1.279076e+003,6.311867e-002
1.279559e+003,6.326513e-002
1.280041e+003,6.341331e-002
1.280523e+003,6.356110e-002
1.281005e+003,6.370571e-002
1.281487e+003,6.384521e-002
1.281969e+003,6.397928e-002
1.282451e+003,6.410989e-002
1.282933e+003,6.424060e-002
1.283416e+003,6.437574e-002
1.283898e+003,6.451917e-002
1.284380e+003,6.467324e-002
1.284862e+003,6.483927e-002
1.285344e+003,6.501771e-002
1.285826e+003,6.520893e-002
1.286308e+003,6.541458e-002
1.286791e+003,6.563638e-002
1.287273e+003,6.587653e-002
1.287755e+003,6.613638e-002
1.288237e+003,6.641549e-002
1.288719e+003,6.671203e-002
1.289201e+003,6.702340e-002
1.289683e+003,6.734644e-002
1.290165e+003,6.767924e-002
1.290647e+003,6.802045e-002
1.291130e+003,6.836869e-002
1.291612e+003,6.872273e-002
1.292094e+003,6.907966e-002
1.292576e+003,6.943604e-002
1.293058e+003,6.978874e-002
1.293540e+003,7.013502e-002
1.294022e+003,7.047390e-002
1.294504e+003,7.080475e-002
1.294987e+003,7.112724e-002
1.295469e+003,7.143974e-002
1.295951e+003,7.173891e-002
1.296433e+003,7.202067e-002
1.296915e+003,7.228142e-002
1.297397e+003,7.251898e-002
1.297879e+003,7.273329e-002
1.298361e+003,7.292551e-002
1.298844e+003,7.309680e-002
1.299326e+003,7.324642e-002
1.299808e+003,7.337184e-002
1.300290e+003,7.346936e-002
1.300772e+003,7.353538e-002
1.301254e+003,7.356913e-002
1.301736e+003,7.357202e-002
1.302219e+003,7.354757e-002
1.302701e+003,7.349974e-002
1.303183e+003,7.343145e-002
1.303665e+003,7.334336e-002
1.304147e+003,7.323588e-002
1.304629e+003,7.310969e-002
1.305111e+003,7.296699e-002
1.305593e+003,7.281259e-002
1.306075e+003,7.265230e-002
1.306558e+003,7.249137e-002
1.307040e+003,7.233313e-002
1.307522e+003,7.217939e-002
1.308004e+003,7.202997e-002
1.308486e+003,7.188553e-002
1.308968e+003,7.174779e-002
1.309450e+003,7.162056e-002
1.309932e+003,7.150871e-002
1.310415e+003,7.141712e-002
1.310897e+003,7.134902e-002
1.311379e+003,7.130650e-002
1.311861e+003,7.128916e-002
1.312343e+003,7.129654e-002
1.312825e+003,7.132801e-002
1.313307e+003,7.138366e-002
1.313789e+003,7.146403e-002
1.314272e+003,7.156941e-002
1.314754e+003,7.169963e-002
1.315236e+003,7.185254e-002
1.315718e+003,7.202578e-002
1.316200e+003,7.221728e-002
1.316682e+003,7.242587e-002
1.317164e+003,7.265226e-002
1.317646e+003,7.289875e-002
1.318129e+003,7.316766e-002
1.318611e+003,7.346020e-002
1.319093e+003,7.377472e-002
1.319575e+003,7.410811e-002
1.320057e+003,7.445570e-002
1.320539e+003,7.481430e-002
1.321021e+003,7.518253e-002
1.321503e+003,7.556149e-002
1.321986e+003,7.595295e-002
1.322468e+003,7.635731e-002
1.322950e+003,7.677276e-002
1.323432e+003,7.719494e-002
1.323914e+003,7.761750e-002
1.324396e+003,7.803560e-002
1.324878e+003,7.844669e-002
1.325360e+003,7.885181e-002
1.325843e+003,7.925384e-002
1.326325e+003,7.965531e-002
1.326807e+003,8.005720e-002
1.327289e+003,8.045708e-002
1.327771e+003,8.085158e-002
1.328253e+003,8.123792e-002
1.328735e+003,8.161572e-002
1.329218e+003,8.198752e-002
1.329700e+003,8.235706e-002
1.330182e+003,8.272671e-002
1.330664e+003,8.309574e-002
1.331146e+003,8.345964e-002
1.331628e+003,8.381235e-002
1.332110e+003,8.414896e-002
1.332592e+003,8.446775e-002
1.333074e+003,8.477122e-002
1.333557e+003,8.506256e-002
1.334039e+003,8.534473e-002
1.334521e+003,8.561715e-002
1.335003e+003,8.587589e-002
1.335485e+003,8.611543e-002
1.335967e+003,8.633194e-002
1.336449e+003,8.652404e-002
1.336931e+003,8.669458e-002
1.337414e+003,8.684641e-002
1.337896e+003,8.698038e-002
1.338378e+003,8.709308e-002
1.338860e+003,8.717797e-002
1.339342e+003,8.722998e-002
1.339824e+003,8.725077e-002
1.340306e+003,8.725058e-002
1.340788e+003,8.724405e-002
1.341271e+003,8.724377e-002
1.341753e+003,8.725581e-002
1.342235e+003,8.727776e-002
1.342717e+003,8.730249e-002
1.343199e+003,8.732283e-002
1.343681e+003,8.733489e-002
1.344163e+003,8.734149e-002
1.344646e+003,8.735099e-002
1.345128e+003,8.737362e-002
1.345610e+003,8.741757e-002
1.346092e+003,8.748500e-002
1.346574e+003,8.757302e-002
1.347056e+003,8.767520e-002
1.347538e+003,8.778646e-002
1.348020e+003,8.790563e-002
1.348502e+003,8.803510e-002
1.348985e+003,8.817884e-002
1.349467e+003,8.833882e-002
1.349949e+003,8.851153e-002
1.350431e+003,8.868974e-002
1.350913e+003,8.886430e-002
1.351395e+003,8.902856e-002
1.351877e+003,8.918124e-002
1.352359e+003,8.932661e-002
1.352842e+003,8.947115e-002
1.353324e+003,8.962038e-002
1.353806e+003,8.977565e-002
1.354288e+003,8.993442e-002
1.354770e+003,9.009219e-002
1.355252e+003,9.024709e-002
1.355734e+003,9.040248e-002
1.356216e+003,9.056640e-002
1.356698e+003,9.074804e-002
1.357181e+003,9.095352e-002
1.357663e+003,9.118298e-002
1.358145e+003,9.143038e-002
1.358627e+003,9.168664e-002
1.359109e+003,9.194433e-002
1.359591e+003,9.220092e-002
1.360073e+003,9.246130e-002
1.360556e+003,9.273400e-002
1.361038e+003,9.302866e-002
1.361520e+003,9.334929e-002
1.362002e+003,9.369210e-002
1.362484e+003,9.404587e-002
1.362966e+003,9.439840e-002
1.363448e+003,9.474336e-002
1.363930e+003,9.508189e-002
1.364413e+003,9.541871e-002
1.364895e+003,9.575611e-002
1.365377e+003,9.608974e-002
1.365859e+003,9.640777e-002
1.366341e+003,9.669534e-002
1.366823e+003,9.693787e-002
1.367305e+003,9.712701e-002
1.367787e+003,9.726328e-002
1.368270e+003,9.735470e-002
1.368752e+003,9.741247e-002
1.369234e+003,9.744400e-002
1.369716e+003,9.745178e-002
1.370198e+003,9.743438e-002
1.370680e+003,9.739164e-002
1.371162e+003,9.732819e-002
1.371644e+003,9.725527e-002
1.372126e+003,9.718850e-002
1.372609e+003,9.714397e-002
1.373091e+003,9.713408e-002
1.373573e+003,9.716335e-002
1.374055e+003,9.722769e-002
1.374537e+003,9.731708e-002
1.375019e+003,9.741858e-002
1.375501e+003,9.751884e-002
1.375984e+003,9.760034e-002
1.376466e+003,9.763841e-002
1.376948e+003,9.759934e-002
1.377430e+003,9.744416e-002
1.377912e+003,9.713844e-002
1.378394e+003,9.666481e-002
1.378876e+003,9.603205e-002
1.379358e+003,9.527440e-002
1.379841e+003,9.443849e-002
1.380323e+003,9.356688e-002
1.380805e+003,9.268739e-002
1.381287e+003,9.181305e-002
1.381769e+003,9.095089e-002
1.382251e+003,9.011108e-002
1.382733e+003,8.931140e-002
1.383215e+003,8.857126e-002
1.383698e+003,8.790392e-002
1.384180e+003,8.730775e-002
1.384662e+003,8.676478e-002
1.385144e+003,8.624624e-002
1.385626e+003,8.572151e-002
1.386108e+003,8.517236e-002
1.386590e+003,8.460379e-002
1.387072e+003,8.404559e-002
1.387554e+003,8.353916e-002
1.388037e+003,8.311676e-002
1.388519e+003,8.278835e-002
1.389001e+003,8.254340e-002
1.389483e+003,8.236404e-002
1.389965e+003,8.223475e-002
1.390447e+003,8.214771e-002
1.390929e+003,8.210128e-002
1.391411e+003,8.209541e-002
1.391894e+003,8.212896e-002
1.392376e+003,8.219817e-002
1.392858e+003,8.229790e-002
1.393340e+003,8.242478e-002
1.393822e+003,8.258134e-002
1.394304e+003,8.277550e-002
1.394786e+003,8.301609e-002
1.395269e+003,8.330653e-002
1.395751e+003,8.364042e-002
1.396233e+003,8.400681e-002
1.396715e+003,8.439558e-002
1.397197e+003,8.480413e-002
1.397679e+003,8.523743e-002
1.398161e+003,8.570403e-002
1.398643e+003,8.620863e-002
1.399125e+003,8.674587e-002
1.399608e+003,8.729789e-002
1.400090e+003,8.784211e-002
1.400572e+003,8.836047e-002
1.401054e+003,8.884579e-002
1.401536e+003,8.930046e-002
1.402018e+003,8.973274e-002
1.402500e+003,9.015161e-002
1.402982e+003,9.056256e-002
1.403465e+003,9.096646e-002
1.403947e+003,9.135748e-002
1.404429e+003,9.172653e-002
1.404911e+003,9.206558e-002
1.405393e+003,9.237226e-002
1.405875e+003,9.265052e-002
1.406357e+003,9.290845e-002
1.406839e+003,9.315307e-002
1.407322e+003,9.338854e-002
1.407804e+003,9.361479e-002
1.408286e+003,9.383031e-002
1.408768e+003,9.403257e-002
1.409250e+003,9.422114e-002
1.409732e+003,9.439675e-002
1.410214e+003,9.456121e-002
1.410697e+003,9.471502e-002
1.411179e+003,9.485666e-002
1.411661e+003,9.498234e-002
1.412143e+003,9.508760e-002
1.412625e+003,9.516937e-002
1.413107e+003,9.522739e-002
1.413589e+003,9.526398e-002
1.414071e+003,9.528267e-002
1.414553e+003,9.528583e-002
1.415036e+003,9.527318e-002
1.415518e+003,9.523942e-002
1.416000e+003,9.517444e-002
1.416482e+003,9.506078e-002
1.416964e+003,9.487553e-002
1.417446e+003,9.459163e-002
1.417928e+003,9.418830e-002
1.418410e+003,9.366893e-002
1.418893e+003,9.307606e-002
1.419375e+003,9.248386e-002
1.419857e+003,9.196060e-002
1.420339e+003,9.153822e-002
1.420821e+003,9.120921e-002
1.421303e+003,9.094284e-002
1.421785e+003,9.070323e-002
1.422267e+003,9.045688e-002
1.422750e+003,9.017969e-002
1.423232e+003,8.986194e-002
1.423714e+003,8.951475e-002
1.424196e+003,8.916850e-002
1.424678e+003,8.886151e-002
1.425160e+003,8.862163e-002
1.425642e+003,8.845606e-002
1.426125e+003,8.835392e-002
1.426607e+003,8.829448e-002
1.427089e+003,8.825760e-002
1.427571e+003,8.822916e-002
1.428053e+003,8.820403e-002
1.428535e+003,8.818693e-002
1.429017e+003,8.818819e-002
1.429499e+003,8.821834e-002
1.429981e+003,8.828233e-002
1.430464e+003,8.837657e-002
1.430946e+003,8.849159e-002
1.431428e+003,8.861748e-002
1.431910e+003,8.874752e-002
1.432392e+003,8.887941e-002
1.432874e+003,8.901323e-002
1.433356e+003,8.914861e-002
1.433838e+003,8.928205e-002
1.434321e+003,8.940583e-002
1.434803e+003,8.950800e-002
1.435285e+003,8.957573e-002
1.435767e+003,8.960193e-002
1.436249e+003,8.959255e-002
1.436731e+003,8.956923e-002
1.437213e+003,8.955750e-002
1.437696e+003,8.957120e-002
1.438177e+003,8.960856e-002
1.438660e+003,8.965895e-002
1.439142e+003,8.971384e-002
1.439624e+003,8.976907e-002
1.440106e+003,8.982661e-002
1.440588e+003,8.989140e-002
1.441070e+003,8.996769e-002
1.441552e+003,9.005613e-002
1.442035e+003,9.015324e-002
1.442517e+003,9.025314e-002
1.442999e+003,9.035062e-002
1.443481e+003,9.044573e-002
1.443963e+003,9.054311e-002
1.444445e+003,9.065152e-002
1.444927e+003,9.078058e-002
1.445409e+003,9.093884e-002
1.445892e+003,9.113400e-002
1.446374e+003,9.137353e-002
1.446856e+003,9.166694e-002
1.447338e+003,9.202411e-002
1.447820e+003,9.245174e-002
1.448302e+003,9.295072e-002
1.448784e+003,9.351704e-002
1.449266e+003,9.414690e-002
1.449749e+003,9.484437e-002
1.450231e+003,9.562137e-002
1.450713e+003,9.649447e-002
1.451195e+003,9.747580e-002
1.451677e+003,9.856208e-002
1.452159e+003,9.972852e-002
1.452641e+003,1.009329e-001
1.453124e+003,1.021287e-001
1.453605e+003,1.032816e-001
1.454088e+003,1.043790e-001
1.454570e+003,1.054319e-001
1.455052e+003,1.064701e-001
1.455534e+003,1.075389e-001
1.456016e+003,1.086953e-001
1.456498e+003,1.100083e-001
1.456980e+003,1.115502e-001
1.457463e+003,1.133817e-001
1.457945e+003,1.155352e-001
1.458427e+003,1.180107e-001
1.458909e+003,1.207777e-001
1.459391e+003,1.237730e-001
1.459873e+003,1.269001e-001
1.460355e+003,1.300369e-001
1.460837e+003,1.330455e-001
1.461320e+003,1.357775e-001
1.461802e+003,1.380707e-001
1.462284e+003,1.397393e-001
1.462766e+003,1.405714e-001
1.463248e+003,1.403602e-001
1.463730e+003,1.389891e-001
1.464212e+003,1.365588e-001
1.464694e+003,1.334546e-001
1.465177e+003,1.302292e-001
1.465659e+003,1.273446e-001
1.466141e+003,1.249849e-001
1.466623e+003,1.230794e-001
1.467105e+003,1.214487e-001
1.467587e+003,1.199435e-001
1.468069e+003,1.185082e-001
1.468552e+003,1.171826e-001
1.469033e+003,1.160629e-001
1.469516e+003,1.152461e-001
1.469998e+003,1.147689e-001
1.470480e+003,1.145421e-001
1.470962e+003,1.142802e-001
1.471444e+003,1.134613e-001
1.471926e+003,1.114224e-001
1.472408e+003,1.076822e-001
1.472891e+003,1.023182e-001
1.473373e+003,9.595398e-002
1.473855e+003,8.931767e-002
1.474337e+003,8.286986e-002
1.474819e+003,7.678683e-002
1.475301e+003,7.112906e-002
1.475783e+003,6.598170e-002
1.476265e+003,6.148154e-002
1.476748e+003,5.775558e-002
1.477230e+003,5.483878e-002
1.477712e+003,5.264128e-002
1.478194e+003,5.098581e-002
1.478676e+003,4.967754e-002
1.479158e+003,4.855886e-002
1.479640e+003,4.753635e-002
1.480122e+003,4.657680e-002
1.480604e+003,4.568734e-002
1.481087e+003,4.488639e-002
1.481569e+003,4.417947e-002
1.482051e+003,4.355196e-002
1.482533e+003,4.298014e-002
1.483015e+003,4.244871e-002
1.483497e+003,4.195878e-002
1.483979e+003,4.152314e-002
1.484461e+003,4.115452e-002
1.484944e+003,4.085141e-002
1.485426e+003,4.059337e-002
1.485908e+003,4.034428e-002
1.486390e+003,4.006814e-002
1.486872e+003,3.974714e-002
1.487354e+003,3.939268e-002
1.487836e+003,3.904128e-002
1.488319e+003,3.873268e-002
1.488801e+003,3.848445e-002
1.489283e+003,3.827751e-002
1.489765e+003,3.806987e-002
1.490247e+003,3.783270e-002
1.490729e+003,3.757755e-002
1.491211e+003,3.734501e-002
1.491693e+003,3.717359e-002
1.492176e+003,3.707764e-002
1.492658e+003,3.704464e-002
1.493140e+003,3.704429e-002
1.493622e+003,3.704148e-002
1.494104e+003,3.700658e-002
1.494586e+003,3.692405e-002
1.495068e+003,3.679969e-002
1.495550e+003,3.665886e-002
1.496032e+003,3.653569e-002
1.496515e+003,3.645148e-002
1.496997e+003,3.639854e-002
1.497479e+003,3.634793e-002
1.497961e+003,3.627429e-002
1.498443e+003,3.617642e-002
1.498925e+003,3.607791e-002
1.499407e+003,3.600980e-002
1.499890e+003,3.599129e-002
1.500372e+003,3.602009e-002
1.500854e+003,3.607524e-002
1.501336e+003,3.613010e-002
1.501818e+003,3.616515e-002
1.502300e+003,3.617640e-002
1.502782e+003,3.617311e-002
1.503264e+003,3.617251e-002
1.503747e+003,3.618990e-002
1.504229e+003,3.623000e-002
1.504711e+003,3.628067e-002
1.505193e+003,3.630991e-002
1.505675e+003,3.627381e-002
1.506157e+003,3.614865e-002
1.506639e+003,3.598678e-002
1.507121e+003,3.591304e-002
1.507604e+003,3.600247e-002
1.508086e+003,3.620471e-002
1.508568e+003,3.642582e-002
1.509050e+003,3.660684e-002
1.509532e+003,3.673591e-002
1.510014e+003,3.683047e-002
1.510496e+003,3.692047e-002
1.510979e+003,3.703322e-002
1.511460e+003,3.718159e-002
1.511943e+003,3.735862e-002
1.512425e+003,3.754249e-002
1.512907e+003,3.770797e-002
1.513389e+003,3.784002e-002
1.513871e+003,3.793948e-002
1.514353e+003,3.802232e-002
1.514835e+003,3.811277e-002
1.515318e+003,3.823105e-002
1.515800e+003,3.838290e-002
1.516282e+003,3.855127e-002
1.516764e+003,3.870374e-002
1.517246e+003,3.881415e-002
1.517728e+003,3.888174e-002
1.518210e+003,3.892889e-002
1.518692e+003,3.898332e-002
1.519175e+003,3.906331e-002
1.519657e+003,3.917134e-002
1.520139e+003,3.929559e-002
1.520621e+003,3.941539e-002
1.521103e+003,3.951728e-002
1.521585e+003,3.961101e-002
1.522067e+003,3.972585e-002
1.522549e+003,3.988475e-002
1.523031e+003,4.008587e-002
1.523514e+003,4.030836e-002
1.523996e+003,4.052718e-002
1.524478e+003,4.072412e-002
1.524960e+003,4.089585e-002
1.525442e+003,4.105562e-002
1.525924e+003,4.122924e-002
1.526406e+003,4.144084e-002
1.526888e+003,4.169839e-002
1.527371e+003,4.198646e-002
1.527853e+003,4.227768e-002
1.528335e+003,4.254695e-002
1.528817e+003,4.278335e-002
1.529299e+003,4.299225e-002
1.529781e+003,4.318942e-002
1.530263e+003,4.339239e-002
1.530746e+003,4.361378e-002
1.531228e+003,4.385785e-002
1.531710e+003,4.412179e-002
1.532192e+003,4.439840e-002
1.532674e+003,4.468283e-002
1.533156e+003,4.497424e-002
1.533638e+003,4.527576e-002
1.534120e+003,4.558594e-002
1.534603e+003,4.589478e-002
1.535085e+003,4.618737e-002
1.535567e+003,4.645069e-002
1.536049e+003,4.667730e-002
1.536531e+003,4.686768e-002
1.537013e+003,4.703079e-002
1.537495e+003,4.718630e-002
1.537977e+003,4.736663e-002
1.538459e+003,4.761391e-002
1.538942e+003,4.796507e-002
1.539424e+003,4.842256e-002
1.539906e+003,4.892337e-002
1.540388e+003,4.937001e-002
1.540870e+003,4.971291e-002
1.541352e+003,4.998408e-002
1.541834e+003,5.024574e-002
1.542316e+003,5.053869e-002
1.542799e+003,5.087076e-002
1.543281e+003,5.122874e-002
1.543763e+003,5.159162e-002
1.544245e+003,5.194193e-002
1.544727e+003,5.227228e-002
1.545209e+003,5.258555e-002
1.545691e+003,5.288761e-002
1.546174e+003,5.318286e-002
1.546656e+003,5.346960e-002
1.547138e+003,5.374460e-002
1.547620e+003,5.400386e-002
1.548102e+003,5.424785e-002
1.548584e+003,5.448226e-002
1.549066e+003,5.471773e-002
1.549548e+003,5.496414e-002
1.550031e+003,5.522332e-002
1.550513e+003,5.548547e-002
1.550995e+003,5.573351e-002
1.551477e+003,5.595301e-002
1.551959e+003,5.613849e-002
1.552441e+003,5.629542e-002
1.552923e+003,5.643878e-002
1.553405e+003,5.658738e-002
1.553887e+003,5.675513e-002
1.554370e+003,5.694160e-002
1.554852e+003,5.713030e-002
1.555334e+003,5.729481e-002
1.555816e+003,5.741133e-002
1.556298e+003,5.746568e-002
1.556780e+003,5.745451e-002
1.557262e+003,5.738343e-002
1.557744e+003,5.726733e-002
1.558227e+003,5.713571e-002
1.558709e+003,5.703628e-002
1.559191e+003,5.700424e-002
1.559673e+003,5.702535e-002
1.560155e+003,5.706745e-002
1.560637e+003,5.711596e-002
1.561119e+003,5.716900e-002
1.561602e+003,5.722360e-002
1.562083e+003,5.727104e-002
1.562566e+003,5.729695e-002
1.563048e+003,5.728443e-002
1.563530e+003,5.722092e-002
1.564012e+003,5.710452e-002
1.564494e+003,5.695023e-002
1.564976e+003,5.678517e-002
1.565458e+003,5.663566e-002
1.565941e+003,5.651365e-002
1.566423e+003,5.641201e-002
1.566905e+003,5.630770e-002
1.567387e+003,5.617245e-002
1.567869e+003,5.598011e-002
1.568351e+003,5.571884e-002
1.568833e+003,5.539769e-002
1.569315e+003,5.505169e-002
1.569798e+003,5.472573e-002
1.570280e+003,5.444826e-002
1.570762e+003,5.421854e-002
1.571244e+003,5.401855e-002
1.571726e+003,5.383151e-002
1.572208e+003,5.365058e-002
1.572690e+003,5.347535e-002
1.573172e+003,5.330687e-002
1.573655e+003,5.313918e-002
1.574137e+003,5.295429e-002
1.574619e+003,5.272154e-002
1.575101e+003,5.240562e-002
1.575583e+003,5.199135e-002
1.576065e+003,5.151201e-002
1.576547e+003,5.104544e-002
1.577030e+003,5.066393e-002
1.577511e+003,5.038784e-002
1.577994e+003,5.018902e-002
1.578476e+003,5.002357e-002
1.578958e+003,4.985569e-002
1.579440e+003,4.966776e-002
1.579922e+003,4.945914e-002
1.580404e+003,4.924026e-002
1.580886e+003,4.902481e-002
1.581369e+003,4.882185e-002
1.581851e+003,4.863029e-002
1.582333e+003,4.844108e-002
1.582815e+003,4.824327e-002
1.583297e+003,4.803240e-002
1.583779e+003,4.781431e-002
1.584261e+003,4.760241e-002
1.584743e+003,4.741035e-002
1.585226e+003,4.724401e-002
1.585708e+003,4.709864e-002
1.586190e+003,4.696075e-002
1.586672e+003,4.681790e-002
1.587154e+003,4.666452e-002
1.587636e+003,4.650704e-002
1.588118e+003,4.635821e-002
1.588600e+003,4.623128e-002
1.589083e+003,4.613085e-002
1.589565e+003,4.604958e-002
1.590047e+003,4.597356e-002
1.590529e+003,4.588960e-002
1.591011e+003,4.579407e-002
1.591493e+003,4.569525e-002
1.591975e+003,4.560806e-002
1.592458e+003,4.554603e-002
1.592939e+003,4.551251e-002
1.593422e+003,4.549894e-002
1.593904e+003,4.548947e-002
1.594386e+003,4.547079e-002
1.594868e+003,4.544081e-002
1.595350e+003,4.541097e-002
1.595832e+003,4.539917e-002
1.596314e+003,4.542023e-002
1.596797e+003,4.547575e-002
1.597279e+003,4.555487e-002
1.597761e+003,4.564008e-002
1.598243e+003,4.571788e-002
1.598725e+003,4.578632e-002
1.599207e+003,4.585549e-002
1.599689e+003,4.594265e-002
1.600171e+003,4.606186e-002
1.600654e+003,4.621550e-002
1.601136e+003,4.639331e-002
1.601618e+003,4.657777e-002
1.602100e+003,4.675471e-002
1.602582e+003,4.692179e-002
1.603064e+003,4.709036e-002
1.603546e+003,4.727805e-002
1.604028e+003,4.749718e-002
1.604510e+003,4.774820e-002
1.604993e+003,4.801917e-002
1.605475e+003,4.829380e-002
1.605957e+003,4.856110e-002
1.606439e+003,4.882327e-002
1.606921e+003,4.909477e-002
1.607403e+003,4.939538e-002
1.607885e+003,4.973786e-002
1.608367e+003,5.012016e-002
1.608850e+003,5.052492e-002
1.609332e+003,5.093070e-002
1.609814e+003,5.132437e-002
1.610296e+003,5.170864e-002
1.610778e+003,5.209978e-002
1.611260e+003,5.251545e-002
1.611742e+003,5.296315e-002
1.612225e+003,5.343519e-002
1.612707e+003,5.391166e-002
1.613189e+003,5.437180e-002
1.613671e+003,5.480443e-002
1.614153e+003,5.521547e-002
1.614635e+003,5.563153e-002
1.615117e+003,5.609367e-002
1.615599e+003,5.664365e-002
1.616082e+003,5.729549e-002
1.616564e+003,5.801286e-002
1.617046e+003,5.872164e-002
1.617528e+003,5.936033e-002
1.618010e+003,5.991704e-002
1.618492e+003,6.041973e-002
1.618974e+003,6.090478e-002
1.619456e+003,6.139681e-002
1.619938e+003,6.190357e-002
1.620421e+003,6.242175e-002
1.620903e+003,6.294534e-002
1.621385e+003,6.347559e-002
1.621867e+003,6.402631e-002
1.622349e+003,6.462103e-002
1.622831e+003,6.527644e-002
1.623313e+003,6.598195e-002
1.623796e+003,6.669430e-002
1.624278e+003,6.736030e-002
1.624760e+003,6.794686e-002
1.625242e+003,6.845423e-002
1.625724e+003,6.891055e-002
1.626206e+003,6.935653e-002
1.626688e+003,6.983069e-002
1.627170e+003,7.035328e-002
1.627653e+003,7.091545e-002
1.628135e+003,7.148369e-002
1.628617e+003,7.201742e-002
1.629099e+003,7.249352e-002
1.629581e+003,7.291643e-002
1.630063e+003,7.331043e-002
1.630545e+003,7.370146e-002
1.631027e+003,7.410409e-002
1.631510e+003,7.451540e-002
1.631992e+003,7.491904e-002
1.632474e+003,7.529350e-002
1.632956e+003,7.562291e-002
1.633438e+003,7.590595e-002
1.633920e+003,7.615885e-002
1.634402e+003,7.641222e-002
1.634885e+003,7.669631e-002
1.635366e+003,7.701620e-002
1.635849e+003,7.733823e-002
1.636331e+003,7.761631e-002
1.636813e+003,7.783811e-002
1.637295e+003,7.803240e-002
1.637777e+003,7.823896e-002
1.638259e+003,7.848168e-002
1.638741e+003,7.876171e-002
1.639224e+003,7.906075e-002
1.639706e+003,7.935117e-002
1.640188e+003,7.960808e-002
1.640670e+003,7.982215e-002
1.641152e+003,8.000314e-002
1.641634e+003,8.017608e-002
1.642116e+003,8.036524e-002
1.642598e+003,8.058301e-002
1.643081e+003,8.082072e-002
1.643563e+003,8.105162e-002
1.644045e+003,8.123819e-002
1.644527e+003,8.134418e-002
1.645009e+003,8.134422e-002
1.645491e+003,8.123231e-002
1.645973e+003,8.102541e-002
1.646455e+003,8.075916e-002
1.646938e+003,8.047570e-002
1.647420e+003,8.020586e-002
1.647902e+003,7.996436e-002
1.648384e+003,7.976119e-002
1.648866e+003,7.960743e-002
1.649348e+003,7.951572e-002
1.649830e+003,7.949283e-002
1.650313e+003,7.953332e-002
1.650794e+003,7.960898e-002
1.651277e+003,7.965192e-002
1.651759e+003,7.953098e-002
1.652241e+003,7.905062e-002
1.652723e+003,7.806787e-002
1.653205e+003,7.676447e-002
1.653687e+003,7.563661e-002
1.654169e+003,7.498103e-002
1.654652e+003,7.469841e-002
1.655134e+003,7.457027e-002
1.655616e+003,7.444570e-002
1.656098e+003,7.425952e-002
1.656580e+003,7.400136e-002
1.657062e+003,7.368973e-002
1.657544e+003,7.335101e-002
1.658026e+003,7.300686e-002
1.658509e+003,7.266328e-002
1.658991e+003,7.231069e-002
1.659473e+003,7.192767e-002
1.659955e+003,7.149085e-002
1.660437e+003,7.098357e-002
1.660919e+003,7.040081e-002
1.661401e+003,6.974788e-002
1.661883e+003,6.904027e-002
1.662365e+003,6.830029e-002
1.662848e+003,6.755655e-002
1.663330e+003,6.683905e-002
1.663812e+003,6.617408e-002
1.664294e+003,6.557902e-002
1.664776e+003,6.506132e-002
1.665258e+003,6.461733e-002
1.665740e+003,6.423239e-002
1.666222e+003,6.387949e-002
1.666705e+003,6.351997e-002
1.667187e+003,6.310462e-002
1.667669e+003,6.258343e-002
1.668151e+003,6.192125e-002
1.668633e+003,6.111951e-002
1.669115e+003,6.022735e-002
1.669597e+003,5.932968e-002
1.670080e+003,5.850576e-002
1.670562e+003,5.779440e-002
1.671044e+003,5.718872e-002
1.671526e+003,5.666131e-002
1.672008e+003,5.618509e-002
1.672490e+003,5.574162e-002
1.672972e+003,5.531227e-002
1.673454e+003,5.487122e-002
1.673937e+003,5.437932e-002
1.674419e+003,5.379476e-002
1.674901e+003,5.309913e-002
1.675383e+003,5.232784e-002
1.675865e+003,5.156280e-002
1.676347e+003,5.088539e-002
1.676829e+003,5.033236e-002
1.677311e+003,4.989105e-002
1.677793e+003,4.951756e-002
1.678276e+003,4.915687e-002
1.678758e+003,4.875903e-002
1.679240e+003,4.829597e-002
1.679722e+003,4.777205e-002
1.680204e+003,4.722552e-002
1.680686e+003,4.670819e-002
1.681168e+003,4.625984e-002
1.681650e+003,4.588395e-002
1.682133e+003,4.553771e-002
1.682615e+003,4.512864e-002
1.683097e+003,4.453112e-002
1.683579e+003,4.365653e-002
1.684061e+003,4.258143e-002
1.684543e+003,4.156422e-002
1.685025e+003,4.082469e-002
1.685508e+003,4.037543e-002
1.685990e+003,4.009873e-002
1.686472e+003,3.987301e-002
1.686954e+003,3.962051e-002
1.687436e+003,3.930689e-002
1.687918e+003,3.893053e-002
1.688400e+003,3.851060e-002
1.688882e+003,3.807550e-002
1.689365e+003,3.764910e-002
1.689847e+003,3.724172e-002
1.690329e+003,3.685160e-002
1.690811e+003,3.647407e-002
1.691293e+003,3.611072e-002
1.691775e+003,3.577070e-002
1.692257e+003,3.546648e-002
1.692739e+003,3.520464e-002
1.693221e+003,3.497823e-002
1.693704e+003,3.476258e-002
1.694186e+003,3.451439e-002
1.694668e+003,3.418216e-002
1.695150e+003,3.373168e-002
1.695632e+003,3.318660e-002
1.696114e+003,3.263604e-002
1.696596e+003,3.218101e-002
1.697078e+003,3.186510e-002
1.697561e+003,3.165958e-002
1.698043e+003,3.149550e-002
1.698525e+003,3.129579e-002
1.699007e+003,3.099626e-002
1.699489e+003,3.057331e-002
1.699971e+003,3.007485e-002
1.700453e+003,2.961164e-002
1.700936e+003,2.927400e-002
1.701417e+003,2.906425e-002
1.701900e+003,2.892628e-002
1.702382e+003,2.880374e-002
1.702864e+003,2.866507e-002
1.703346e+003,2.850248e-002
1.703828e+003,2.832194e-002
1.704310e+003,2.813589e-002
1.704792e+003,2.795335e-002
1.705275e+003,2.777469e-002
1.705757e+003,2.759215e-002
1.706239e+003,2.739918e-002
1.706721e+003,2.719869e-002
1.707203e+003,2.700471e-002
1.707685e+003,2.683332e-002
1.708167e+003,2.669456e-002
1.708649e+003,2.658725e-002
1.709132e+003,2.649973e-002
1.709614e+003,2.641487e-002
1.710096e+003,2.631933e-002
1.710578e+003,2.621091e-002
1.711060e+003,2.609937e-002
1.711542e+003,2.600207e-002
1.712024e+003,2.593520e-002
1.712506e+003,2.590425e-002
1.712989e+003,2.590138e-002
1.713471e+003,2.590690e-002
1.713953e+003,2.589796e-002
1.714435e+003,2.586020e-002
1.714917e+003,2.579864e-002
1.715399e+003,2.573734e-002
1.715881e+003,2.570980e-002
1.716364e+003,2.573874e-002
1.716845e+003,2.581994e-002
1.717328e+003,2.591985e-002
1.717810e+003,2.600204e-002
1.718292e+003,2.605367e-002
1.718774e+003,2.609430e-002
1.719256e+003,2.615147e-002
1.719738e+003,2.624184e-002
1.720220e+003,2.636421e-002
1.720703e+003,2.650769e-002
1.721185e+003,2.665871e-002
1.721667e+003,2.680920e-002
1.722149e+003,2.696127e-002
1.722631e+003,2.712831e-002
1.723113e+003,2.732845e-002
1.723595e+003,2.757555e-002
1.724077e+003,2.786930e-002
1.724560e+003,2.819505e-002
1.725042e+003,2.853145e-002
1.725524e+003,2.886533e-002
1.726006e+003,2.919715e-002
1.726488e+003,2.954535e-002
1.726970e+003,2.993845e-002
1.727452e+003,3.040681e-002
1.727934e+003,3.097130e-002
1.728417e+003,3.163548e-002
1.728899e+003,3.238182e-002
1.729381e+003,3.317732e-002
1.729863e+003,3.398458e-002
1.730345e+003,3.477772e-002
1.730827e+003,3.555417e-002
1.731309e+003,3.634093e-002
1.731792e+003,3.719826e-002
1.732273e+003,3.822572e-002
1.732756e+003,3.956114e-002
1.733238e+003,4.134173e-002
1.733720e+003,4.359195e-002
1.734202e+003,4.610663e-002
1.734684e+003,4.852841e-002
1.735166e+003,5.060182e-002
1.735648e+003,5.229827e-002
1.736131e+003,5.373547e-002
1.736613e+003,5.506660e-002
1.737095e+003,5.643349e-002
1.737577e+003,5.795984e-002
1.738059e+003,5.974628e-002
1.738541e+003,6.184507e-002
1.739023e+003,6.422246e-002
1.739505e+003,6.674138e-002
1.739988e+003,6.920921e-002
1.740470e+003,7.147057e-002
1.740952e+003,7.346884e-002
1.741434e+003,7.523553e-002
1.741916e+003,7.683903e-002
1.742398e+003,7.833563e-002
1.742880e+003,7.974501e-002
1.743362e+003,8.104711e-002
1.743844e+003,8.219808e-002
1.744327e+003,8.315422e-002
1.744809e+003,8.388849e-002
1.745291e+003,8.438987e-002
1.745773e+003,8.465541e-002
1.746255e+003,8.467756e-002
1.746737e+003,8.444181e-002
1.747219e+003,8.393157e-002
1.747702e+003,8.313787e-002
1.748184e+003,8.206315e-002
1.748666e+003,8.071505e-002
1.749148e+003,7.909090e-002
1.749630e+003,7.717551e-002
1.750112e+003,7.495802e-002
1.750594e+003,7.246858e-002
1.751076e+003,6.980411e-002
1.751559e+003,6.711483e-002
1.752041e+003,6.454518e-002
1.752523e+003,6.217962e-002
1.753005e+003,6.002451e-002
1.753487e+003,5.802712e-002
1.753969e+003,5.610370e-002
1.754451e+003,5.416370e-002
1.754933e+003,5.212622e-002
1.755416e+003,4.993804e-002
1.755898e+003,4.759774e-002
1.756380e+003,4.516985e-002
1.756862e+003,4.277376e-002
1.757344e+003,4.053781e-002
1.757826e+003,3.854481e-002
1.758308e+003,3.681141e-002
1.758791e+003,3.529907e-002
1.759272e+003,3.394119e-002
1.759755e+003,3.266485e-002
1.760237e+003,3.140467e-002
1.760719e+003,3.011524e-002
1.761201e+003,2.878932e-002
1.761683e+003,2.746505e-002
1.762165e+003,2.621602e-002
1.762647e+003,2.511500e-002
1.763130e+003,2.419964e-002
1.763612e+003,2.346092e-002
1.764094e+003,2.285940e-002
1.764576e+003,2.234597e-002
1.765058e+003,2.187911e-002
1.765540e+003,2.142950e-002
1.766022e+003,2.098454e-002
1.766504e+003,2.054429e-002
1.766987e+003,2.011927e-002
1.767469e+003,1.972194e-002
1.767951e+003,1.935981e-002
1.768433e+003,1.903154e-002
1.768915e+003,1.872941e-002
1.769397e+003,1.844447e-002
1.769879e+003,1.817101e-002
1.770361e+003,1.790705e-002
1.770844e+003,1.765294e-002
1.771326e+003,1.740724e-002
1.771808e+003,1.716725e-002
1.772290e+003,1.693051e-002
1.772772e+003,1.670025e-002
1.773254e+003,1.648579e-002
1.773736e+003,1.629749e-002
1.774219e+003,1.614096e-002
1.774700e+003,1.601488e-002
1.775183e+003,1.591180e-002
1.775665e+003,1.582147e-002
1.776147e+003,1.573386e-002
1.776629e+003,1.564447e-002
1.777111e+003,1.555517e-002
1.777593e+003,1.547225e-002
1.778075e+003,1.540270e-002
1.778558e+003,1.534910e-002
1.779040e+003,1.530564e-002
1.779522e+003,1.526047e-002
1.780004e+003,1.520025e-002
1.780486e+003,1.511857e-002
1.780968e+003,1.502025e-002
1.781450e+003,1.491972e-002
1.781932e+003,1.483192e-002
1.782415e+003,1.476483e-002
1.782897e+003,1.471584e-002
1.783379e+003,1.467387e-002
1.783861e+003,1.462537e-002
1.784343e+003,1.456155e-002
1.784825e+003,1.448245e-002
1.785307e+003,1.439873e-002
1.785789e+003,1.432300e-002
1.786271e+003,1.426477e-002
1.786754e+003,1.422345e-002
1.787236e+003,1.419201e-002
1.787718e+003,1.416018e-002
1.788200e+003,1.412207e-002
1.788682e+003,1.407627e-002
1.789164e+003,1.402851e-002
1.789646e+003,1.398574e-002
1.790128e+003,1.395255e-002
1.790611e+003,1.392532e-002
1.791093e+003,1.389258e-002
1.791575e+003,1.383945e-002
1.792057e+003,1.376019e-002
1.792539e+003,1.366361e-002
1.793021e+003,1.357043e-002
1.793503e+003,1.349880e-002
1.793986e+003,1.345471e-002
1.794468e+003,1.343056e-002
1.794950e+003,1.341281e-002
1.795432e+003,1.338827e-002
1.795914e+003,1.335070e-002
1.796396e+003,1.330275e-002
1.796878e+003,1.325352e-002
1.797360e+003,1.321322e-002
1.797843e+003,1.318683e-002
1.798325e+003,1.317001e-002
1.798807e+003,1.315142e-002
1.799289e+003,1.311729e-002
1.799771e+003,1.305974e-002
1.800253e+003,1.298148e-002
1.800735e+003,1.289603e-002
1.801217e+003,1.281921e-002
1.801699e+003,1.276069e-002
1.802182e+003,1.271883e-002
1.802664e+003,1.268428e-002
1.803146e+003,1.264688e-002
1.803628e+003,1.260264e-002
1.804110e+003,1.255499e-002
1.804592e+003,1.251399e-002
1.805074e+003,1.248816e-002
1.805556e+003,1.248110e-002
1.806039e+003,1.248747e-002
1.806521e+003,1.249659e-002
1.807003e+003,1.249591e-002
1.807485e+003,1.247898e-002
1.807967e+003,1.244713e-002
1.808449e+003,1.240874e-002
1.808931e+003,1.237388e-002
1.809414e+003,1.234751e-002
1.809896e+003,1.232589e-002
1.810378e+003,1.229834e-002
1.810860e+003,1.225335e-002
1.811342e+003,1.218687e-002
1.811824e+003,1.210361e-002
1.812306e+003,1.201640e-002
1.812788e+003,1.193525e-002
1.813271e+003,1.186426e-002
1.813753e+003,1.179792e-002
1.814235e+003,1.172686e-002
1.814717e+003,1.164424e-002
1.815199e+003,1.155266e-002
1.815681e+003,1.146520e-002
1.816163e+003,1.140328e-002
1.816645e+003,1.138567e-002
1.817127e+003,1.142015e-002
1.817610e+003,1.149657e-002
1.818092e+003,1.159314e-002
1.818574e+003,1.168372e-002
1.819056e+003,1.175111e-002
1.819538e+003,1.179119e-002
1.820020e+003,1.181225e-002
1.820502e+003,1.182732e-002
1.820984e+003,1.184558e-002
1.821467e+003,1.186752e-002
1.821949e+003,1.188562e-002
1.822431e+003,1.188900e-002
1.822913e+003,1.187149e-002
1.823395e+003,1.183384e-002
1.823877e+003,1.178668e-002
1.824359e+003,1.174316e-002
1.824842e+003,1.171178e-002
1.825323e+003,1.168952e-002
1.825806e+003,1.166498e-002
1.826288e+003,1.162563e-002
1.826770e+003,1.156796e-002
1.827252e+003,1.149729e-002
1.827734e+003,1.142813e-002
1.828216e+003,1.137535e-002
1.828698e+003,1.134829e-002
1.829181e+003,1.134304e-002
1.829663e+003,1.134351e-002
1.830145e+003,1.132952e-002
1.830627e+003,1.129313e-002
1.831109e+003,1.124109e-002
1.831591e+003,1.119155e-002
1.832073e+003,1.116039e-002
1.832555e+003,1.115452e-002
1.833038e+003,1.117002e-002
1.833520e+003,1.119582e-002
1.834002e+003,1.121867e-002
1.834484e+003,1.123123e-002
1.834966e+003,1.123277e-002
1.835448e+003,1.123091e-002
1.835930e+003,1.123299e-002
1.836412e+003,1.124261e-002
1.836895e+003,1.125482e-002
1.837377e+003,1.126006e-002
1.837859e+003,1.124973e-002
1.838341e+003,1.122365e-002
1.838823e+003,1.119119e-002
1.839305e+003,1.116724e-002
1.839787e+003,1.116330e-002
1.840270e+003,1.118231e-002
1.840751e+003,1.121431e-002
1.841234e+003,1.124329e-002
1.841716e+003,1.125205e-002
1.842198e+003,1.123172e-002
1.842680e+003,1.118637e-002
1.843162e+003,1.113610e-002
1.843644e+003,1.110575e-002
1.844126e+003,1.111125e-002
1.844609e+003,1.114514e-002
1.845091e+003,1.118395e-002
1.845573e+003,1.120256e-002
1.846055e+003,1.119098e-002
1.846537e+003,1.115574e-002
1.847019e+003,1.111577e-002
1.847501e+003,1.108858e-002
1.847983e+003,1.108464e-002
1.848466e+003,1.110113e-002
1.848948e+003,1.112595e-002
1.849430e+003,1.114339e-002
1.849912e+003,1.114518e-002
1.850394e+003,1.113236e-002
1.850876e+003,1.111536e-002
1.851358e+003,1.110507e-002
1.851840e+003,1.110728e-002
1.852323e+003,1.111932e-002
1.852805e+003,1.113148e-002
1.853287e+003,1.113326e-002
1.853769e+003,1.112208e-002
1.854251e+003,1.110292e-002
1.854733e+003,1.108911e-002
1.855215e+003,1.109050e-002
1.855698e+003,1.111034e-002
1.856179e+003,1.113929e-002
1.856662e+003,1.116233e-002
1.857144e+003,1.116435e-002
1.857626e+003,1.114073e-002
1.858108e+003,1.109905e-002
1.858590e+003,1.105654e-002
1.859072e+003,1.103062e-002
1.859554e+003,1.103017e-002
1.860037e+003,1.105115e-002
1.860519e+003,1.108026e-002
1.861001e+003,1.110189e-002
1.861483e+003,1.110858e-002
1.861965e+003,1.110239e-002
1.862447e+003,1.109457e-002
1.862929e+003,1.109468e-002
1.863411e+003,1.110651e-002
1.863894e+003,1.112278e-002
1.864376e+003,1.113023e-002
1.864858e+003,1.111663e-002
1.865340e+003,1.107871e-002
1.865822e+003,1.102517e-002
1.866304e+003,1.097461e-002
1.866786e+003,1.094410e-002
1.867268e+003,1.094159e-002
1.867750e+003,1.095627e-002
1.868233e+003,1.096431e-002
1.868715e+003,1.094103e-002
1.869197e+003,1.088190e-002
1.869679e+003,1.080384e-002
1.870161e+003,1.073906e-002
1.870643e+003,1.071118e-002
1.871125e+003,1.072738e-002
1.871608e+003,1.077646e-002
1.872090e+003,1.083820e-002
1.872572e+003,1.089155e-002
1.873054e+003,1.092555e-002
1.873536e+003,1.093975e-002
1.874018e+003,1.094514e-002
1.874500e+003,1.095319e-002
1.874982e+003,1.096998e-002
1.875465e+003,1.099000e-002
1.875947e+003,1.100070e-002
1.876429e+003,1.098947e-002
1.876911e+003,1.095359e-002
1.877393e+003,1.090093e-002
1.877875e+003,1.085051e-002
1.878357e+003,1.081848e-002
1.878839e+003,1.081343e-002
1.879322e+003,1.082801e-002
1.879804e+003,1.084650e-002
1.880286e+003,1.085099e-002
1.880768e+003,1.083382e-002
1.881250e+003,1.079951e-002
1.881732e+003,1.076507e-002
1.882214e+003,1.074615e-002
1.882697e+003,1.075308e-002
1.883178e+003,1.078220e-002
1.883661e+003,1.082050e-002
1.884143e+003,1.085250e-002
1.884625e+003,1.086938e-002
1.885107e+003,1.087197e-002
1.885589e+003,1.086975e-002
1.886071e+003,1.087171e-002
1.886553e+003,1.088025e-002
1.887036e+003,1.088741e-002
1.887518e+003,1.088163e-002
1.888000e+003,1.085246e-002
1.888482e+003,1.080400e-002
1.888964e+003,1.075374e-002
1.889446e+003,1.072915e-002
1.889928e+003,1.074952e-002
1.890410e+003,1.081599e-002
1.890893e+003,1.090718e-002
1.891375e+003,1.099316e-002
1.891857e+003,1.104742e-002
1.892339e+003,1.106022e-002
1.892821e+003,1.103608e-002
1.893303e+003,1.099414e-002
1.893785e+003,1.095344e-002
1.894267e+003,1.092703e-002
1.894750e+003,1.091416e-002
1.895232e+003,1.090491e-002
1.895714e+003,1.088783e-002
1.896196e+003,1.086265e-002
1.896678e+003,1.083898e-002
1.897160e+003,1.083454e-002
1.897642e+003,1.086055e-002
1.898125e+003,1.091557e-002
1.898606e+003,1.098311e-002
1.899089e+003,1.103972e-002
1.899571e+003,1.106402e-002
1.900053e+003,1.105056e-002
1.900535e+003,1.100958e-002
1.901017e+003,1.096443e-002
1.901499e+003,1.093734e-002
1.901981e+003,1.093934e-002
1.902464e+003,1.096396e-002
1.902946e+003,1.099447e-002
1.903428e+003,1.101413e-002
1.903910e+003,1.101826e-002
1.904392e+003,1.101479e-002
1.904874e+003,1.102275e-002
1.905356e+003,1.105523e-002
1.905838e+003,1.111320e-002
1.906321e+003,1.117907e-002
1.906803e+003,1.122525e-002
1.907285e+003,1.122738e-002
1.907767e+003,1.117858e-002
1.908249e+003,1.109304e-002
1.908731e+003,1.100309e-002
1.909213e+003,1.094075e-002
1.909695e+003,1.092267e-002
1.910177e+003,1.094005e-002
1.910660e+003,1.096712e-002
1.911142e+003,1.097477e-002
1.911624e+003,1.094904e-002
1.912106e+003,1.089403e-002
1.912588e+003,1.083109e-002
1.913070e+003,1.078251e-002
1.913552e+003,1.076108e-002
1.914034e+003,1.076366e-002
1.914517e+003,1.077485e-002
1.914999e+003,1.077577e-002
1.915481e+003,1.075906e-002
1.915963e+003,1.073058e-002
1.916445e+003,1.071012e-002
1.916927e+003,1.071707e-002
1.917409e+003,1.075883e-002
1.917892e+003,1.081793e-002
1.918374e+003,1.086372e-002
1.918856e+003,1.086407e-002
1.919338e+003,1.080714e-002
1.919820e+003,1.070141e-002
1.920302e+003,1.057134e-002
1.920784e+003,1.044052e-002
1.921266e+003,1.032448e-002
1.921749e+003,1.022354e-002
1.922231e+003,1.013023e-002
1.922713e+003,1.003489e-002
1.923195e+003,9.942541e-003
1.923677e+003,9.866280e-003
1.924159e+003,9.827917e-003
1.924641e+003,9.836444e-003
1.925123e+003,9.885833e-003
1.925605e+003,9.950613e-003
1.926088e+003,1.000199e-002
1.926570e+003,1.001671e-002
1.927052e+003,9.991686e-003
1.927534e+003,9.941964e-003
1.928016e+003,9.896356e-003
1.928498e+003,9.877105e-003
1.928980e+003,9.890311e-003
1.929462e+003,9.919306e-003
1.929945e+003,9.937444e-003
1.930427e+003,9.921221e-003
1.930909e+003,9.870030e-003
1.931391e+003,9.803796e-003
1.931873e+003,9.758513e-003
1.932355e+003,9.761468e-003
1.932837e+003,9.818460e-003
1.933320e+003,9.905232e-003
1.933802e+003,9.981100e-003
1.934284e+003,1.000739e-002
1.934766e+003,9.970119e-003
1.935248e+003,9.883387e-003
1.935730e+003,9.784875e-003
1.936212e+003,9.712026e-003
1.936694e+003,9.685751e-003
1.937177e+003,9.695110e-003
1.937659e+003,9.709667e-003
1.938141e+003,9.692790e-003
1.938623e+003,9.627236e-003
1.939105e+003,9.517791e-003
1.939587e+003,9.394334e-003
1.940069e+003,9.288770e-003
1.940551e+003,9.225095e-003
1.941033e+003,9.201572e-003
1.941516e+003,9.200672e-003
1.941998e+003,9.196190e-003
1.942480e+003,9.177328e-003
1.942962e+003,9.151165e-003
1.943444e+003,9.141458e-003
1.943926e+003,9.161633e-003
1.944408e+003,9.208714e-003
1.944890e+003,9.256865e-003
1.945373e+003,9.276298e-003
1.945855e+003,9.245027e-003
1.946337e+003,9.171885e-003
1.946819e+003,9.086258e-003
1.947301e+003,9.033596e-003
1.947783e+003,9.044573e-003
1.948265e+003,9.120415e-003
1.948748e+003,9.229198e-003
1.949229e+003,9.325444e-003
1.949712e+003,9.369948e-003
1.950194e+003,9.357566e-003
1.950676e+003,9.310539e-003
1.951158e+003,9.273492e-003
1.951640e+003,9.280098e-003
1.952122e+003,9.333988e-003
1.952604e+003,9.401578e-003
1.953087e+003,9.431514e-003
1.953569e+003,9.378471e-003
1.954051e+003,9.234482e-003
1.954533e+003,9.028657e-003
1.955015e+003,8.824743e-003
1.955497e+003,8.676743e-003
1.955979e+003,8.611839e-003
1.956461e+003,8.608657e-003
1.956944e+003,8.627286e-003
1.957426e+003,8.623907e-003
1.957908e+003,8.589726e-003
1.958390e+003,8.551464e-003
1.958872e+003,8.564913e-003
1.959354e+003,8.670640e-003
1.959836e+003,8.872358e-003
1.960318e+003,9.123068e-003
1.960801e+003,9.345529e-003
1.961283e+003,9.464719e-003
1.961765e+003,9.450154e-003
1.962247e+003,9.317782e-003
1.962729e+003,9.127648e-003
1.963211e+003,8.941801e-003
1.963693e+003,8.792848e-003
1.964176e+003,8.669030e-003
1.964657e+003,8.534975e-003
1.965140e+003,8.356754e-003
1.965622e+003,8.138110e-003
1.966104e+003,7.921517e-003
1.966586e+003,7.779702e-003
1.967068e+003,7.756352e-003
1.967550e+003,7.843255e-003
1.968032e+003,7.968252e-003
1.968515e+003,8.038674e-003
1.968997e+003,7.986906e-003
1.969479e+003,7.813931e-003
1.969961e+003,7.579726e-003
1.970443e+003,7.394203e-003
1.970925e+003,7.340484e-003
1.971407e+003,7.450203e-003
1.971889e+003,7.673834e-003
1.972372e+003,7.920320e-003
1.972854e+003,8.090048e-003
1.973336e+003,8.134995e-003
1.973818e+003,8.067990e-003
1.974300e+003,7.965236e-003
1.974782e+003,7.913621e-003
1.975264e+003,7.980620e-003
1.975746e+003,8.187495e-003
1.976229e+003,8.522545e-003
1.976711e+003,8.964833e-003
1.977193e+003,9.512682e-003
1.977675e+003,1.016624e-002
1.978157e+003,1.091931e-002
1.978639e+003,1.171527e-002
1.979121e+003,1.245633e-002
1.979604e+003,1.302043e-002
1.980085e+003,1.331367e-002
1.980568e+003,1.329538e-002
1.981050e+003,1.300942e-002
1.981532e+003,1.256111e-002
1.982014e+003,1.208856e-002
1.982496e+003,1.170348e-002
1.982978e+003,1.145660e-002
1.983460e+003,1.132507e-002
1.983943e+003,1.124783e-002
1.984425e+003,1.115770e-002
1.984907e+003,1.103131e-002
1.985389e+003,1.088521e-002
1.985871e+003,1.077398e-002
1.986353e+003,1.074367e-002
1.986835e+003,1.081074e-002
1.987317e+003,1.094400e-002
1.987800e+003,1.108941e-002
1.988282e+003,1.119174e-002
1.988764e+003,1.123117e-002
1.989246e+003,1.121827e-002
1.989728e+003,1.118933e-002
1.990210e+003,1.116959e-002
1.990692e+003,1.115793e-002
1.991174e+003,1.111973e-002
1.991656e+003,1.101093e-002
1.992139e+003,1.080658e-002
1.992621e+003,1.052966e-002
1.993103e+003,1.023732e-002
1.993585e+003,1.000288e-002
1.994067e+003,9.864214e-003
1.994549e+003,9.814930e-003
1.995031e+003,9.802792e-003
1.995514e+003,9.768652e-003
1.995996e+003,9.670422e-003
1.996478e+003,9.517512e-003
1.996960e+003,9.357332e-003
1.997442e+003,9.257103e-003
1.997924e+003,9.256194e-003
1.998406e+003,9.348111e-003
1.998888e+003,9.473627e-003
1.999371e+003,9.556085e-003
1.999853e+003,9.539697e-003
2.000335e+003,9.423396e-003
2.000817e+003,9.250566e-003
2.001299e+003,9.095578e-003
2.001781e+003,9.004744e-003
2.002263e+003,8.977284e-003
2.002745e+003,8.953500e-003
2.003228e+003,8.854866e-003
2.003710e+003,8.629726e-003
2.004192e+003,8.296657e-003
2.004674e+003,7.939291e-003
2.005156e+003,7.690679e-003
2.005638e+003,7.654784e-003
2.006120e+003,7.861978e-003
2.006603e+003,8.244416e-003
2.007084e+003,8.678651e-003
2.007567e+003,9.038902e-003
2.008049e+003,9.266249e-003
2.008531e+003,9.377914e-003
2.009013e+003,9.463403e-003
2.009495e+003,9.611679e-003
2.009977e+003,9.864244e-003
2.010459e+003,1.018675e-002
2.010942e+003,1.049415e-002
2.011424e+003,1.069251e-002
2.011906e+003,1.073036e-002
2.012388e+003,1.061238e-002
2.012870e+003,1.040628e-002
2.013352e+003,1.018656e-002
2.013834e+003,1.001012e-002
2.014316e+003,9.880542e-003
2.014799e+003,9.774956e-003
2.015281e+003,9.663792e-003
2.015763e+003,9.554886e-003
2.016245e+003,9.484570e-003
2.016727e+003,9.512439e-003
2.017209e+003,9.663375e-003
2.017691e+003,9.911160e-003
2.018173e+003,1.016799e-002
2.018656e+003,1.034042e-002
2.019138e+003,1.036293e-002
2.019620e+003,1.024583e-002
2.020102e+003,1.005915e-002
2.020584e+003,9.916364e-003
2.021066e+003,9.895433e-003
2.021548e+003,1.001154e-002
2.022031e+003,1.020234e-002
2.022512e+003,1.036906e-002
2.022995e+003,1.042444e-002
2.023477e+003,1.034748e-002
2.023959e+003,1.018283e-002
2.024441e+003,1.002898e-002
2.024923e+003,9.970027e-003
2.025405e+003,1.003288e-002
2.025887e+003,1.016890e-002
2.026370e+003,1.028863e-002
2.026852e+003,1.030772e-002
2.027334e+003,1.020198e-002
2.027816e+003,1.000690e-002
2.028298e+003,9.813061e-003
2.028780e+003,9.695766e-003
2.029262e+003,9.684881e-003
2.029744e+003,9.742603e-003
2.030227e+003,9.799059e-003
2.030709e+003,9.794651e-003
2.031191e+003,9.729469e-003
2.031673e+003,9.659362e-003
2.032155e+003,9.679559e-003
2.032637e+003,9.849718e-003
2.033119e+003,1.016928e-002
2.033601e+003,1.055567e-002
2.034083e+003,1.089600e-002
2.034566e+003,1.109482e-002
2.035048e+003,1.113344e-002
2.035530e+003,1.106272e-002
2.036012e+003,1.099266e-002
2.036494e+003,1.101125e-002
2.036976e+003,1.115321e-002
2.037458e+003,1.137246e-002
2.037940e+003,1.158147e-002
2.038423e+003,1.169384e-002
2.038905e+003,1.167710e-002
2.039387e+003,1.155642e-002
2.039869e+003,1.141419e-002
2.040351e+003,1.133020e-002
2.040833e+003,1.134924e-002
2.041315e+003,1.145518e-002
2.041798e+003,1.159413e-002
2.042280e+003,1.170740e-002
2.042762e+003,1.177305e-002
2.043244e+003,1.181199e-002
2.043726e+003,1.187647e-002
2.044208e+003,1.200957e-002
2.044690e+003,1.222030e-002
2.045172e+003,1.246759e-002
2.045655e+003,1.269217e-002
2.046137e+003,1.284565e-002
2.046619e+003,1.293434e-002
2.047101e+003,1.301426e-002
2.047583e+003,1.317968e-002
2.048065e+003,1.350145e-002
2.048547e+003,1.399254e-002
2.049029e+003,1.458026e-002
2.049511e+003,1.513970e-002
2.049994e+003,1.553460e-002
2.050476e+003,1.567875e-002
2.050958e+003,1.555512e-002
2.051440e+003,1.522620e-002
2.051922e+003,1.479286e-002
2.052404e+003,1.436533e-002
2.052886e+003,1.402218e-002
2.053368e+003,1.379964e-002
2.053851e+003,1.369168e-002
2.054333e+003,1.367201e-002
2.054815e+003,1.370046e-002
2.055297e+003,1.374572e-002
2.055779e+003,1.378235e-002
2.056261e+003,1.379638e-002
2.056743e+003,1.377844e-002
2.057226e+003,1.372823e-002
2.057708e+003,1.365203e-002
2.058190e+003,1.357103e-002
2.058672e+003,1.350946e-002
2.059154e+003,1.349122e-002
2.059636e+003,1.352480e-002
2.060118e+003,1.360011e-002
2.060600e+003,1.368648e-002
2.061083e+003,1.375202e-002
2.061565e+003,1.377196e-002
2.062047e+003,1.374590e-002
2.062529e+003,1.369040e-002
2.063011e+003,1.363614e-002
2.063493e+003,1.360808e-002
2.063975e+003,1.361606e-002
2.064457e+003,1.365285e-002
2.064939e+003,1.370342e-002
2.065422e+003,1.375728e-002
2.065904e+003,1.382236e-002
2.066386e+003,1.391646e-002
2.066868e+003,1.406251e-002
2.067350e+003,1.426621e-002
2.067832e+003,1.451036e-002
2.068314e+003,1.475608e-002
2.068796e+003,1.495765e-002
2.069279e+003,1.507910e-002
2.069761e+003,1.511435e-002
2.070243e+003,1.508097e-002
2.070725e+003,1.502015e-002
2.071207e+003,1.496978e-002
2.071689e+003,1.495316e-002
2.072171e+003,1.496935e-002
2.072654e+003,1.500062e-002
2.073135e+003,1.502668e-002
2.073618e+003,1.503813e-002
2.074100e+003,1.503660e-002
2.074582e+003,1.503590e-002
2.075064e+003,1.504331e-002
2.075546e+003,1.505771e-002
2.076028e+003,1.506128e-002
2.076510e+003,1.503462e-002
2.076993e+003,1.496709e-002
2.077475e+003,1.486881e-002
2.077957e+003,1.476587e-002
2.078439e+003,1.469643e-002
2.078921e+003,1.468682e-002
2.079403e+003,1.474373e-002
2.079885e+003,1.484704e-002
2.080367e+003,1.496506e-002
2.080850e+003,1.506394e-002
2.081332e+003,1.512780e-002
2.081814e+003,1.515824e-002
2.082296e+003,1.517473e-002
2.082778e+003,1.519544e-002
2.083260e+003,1.522971e-002
2.083742e+003,1.527192e-002
2.084224e+003,1.530573e-002
2.084707e+003,1.531531e-002
2.085189e+003,1.529594e-002
2.085671e+003,1.525379e-002
2.086153e+003,1.520593e-002
2.086635e+003,1.516502e-002
2.087117e+003,1.513371e-002
2.087599e+003,1.510014e-002
2.088082e+003,1.504707e-002
2.088563e+003,1.496239e-002
2.089046e+003,1.484917e-002
2.089528e+003,1.472368e-002
2.090010e+003,1.461137e-002
2.090492e+003,1.452944e-002
2.090974e+003,1.447971e-002
2.091456e+003,1.444354e-002
2.091938e+003,1.439561e-002
2.092421e+003,1.431616e-002
2.092903e+003,1.420591e-002
2.093385e+003,1.408758e-002
2.093867e+003,1.400177e-002
2.094349e+003,1.398315e-002
2.094831e+003,1.405107e-002
2.095313e+003,1.419554e-002
2.095795e+003,1.438659e-002
2.096278e+003,1.458532e-002
2.096760e+003,1.476426e-002
2.097242e+003,1.491174e-002
2.097724e+003,1.503430e-002
2.098206e+003,1.514152e-002
2.098688e+003,1.523685e-002
2.099170e+003,1.531164e-002
2.099652e+003,1.534806e-002
2.100135e+003,1.533134e-002
2.100617e+003,1.526267e-002
2.101099e+003,1.515751e-002
2.101581e+003,1.505048e-002
2.102063e+003,1.497115e-002
2.102545e+003,1.493840e-002
2.103027e+003,1.494693e-002
2.103510e+003,1.497657e-002
2.103991e+003,1.499722e-002
2.104474e+003,1.498925e-002
2.104956e+003,1.494631e-002
2.105438e+003,1.487890e-002
2.105920e+003,1.480323e-002
2.106402e+003,1.473598e-002
2.106884e+003,1.468132e-002
2.107366e+003,1.463785e-002
2.107849e+003,1.460039e-002
2.108331e+003,1.457229e-002
2.108813e+003,1.456149e-002
2.109295e+003,1.458477e-002
2.109777e+003,1.465175e-002
2.110259e+003,1.476246e-002
2.110741e+003,1.489960e-002
2.111223e+003,1.503818e-002
2.111706e+003,1.515101e-002
2.112188e+003,1.522356e-002
2.112670e+003,1.525223e-002
2.113152e+003,1.524745e-002
2.113634e+003,1.522174e-002
2.114116e+003,1.518361e-002
2.114598e+003,1.513173e-002
2.115080e+003,1.506095e-002
2.115563e+003,1.496470e-002
2.116045e+003,1.484718e-002
2.116527e+003,1.471979e-002
2.117009e+003,1.460141e-002
2.117491e+003,1.450445e-002
2.117973e+003,1.443218e-002
2.118455e+003,1.437222e-002
2.118938e+003,1.430568e-002
2.119420e+003,1.421522e-002
2.119902e+003,1.409633e-002
2.120384e+003,1.395772e-002
2.120866e+003,1.381729e-002
2.121348e+003,1.369201e-002
2.121830e+003,1.358780e-002
2.122312e+003,1.349427e-002
2.122794e+003,1.339256e-002
2.123277e+003,1.326256e-002
2.123759e+003,1.309825e-002
2.124241e+003,1.290542e-002
2.124723e+003,1.270447e-002
2.125205e+003,1.251412e-002
2.125687e+003,1.234577e-002
2.126169e+003,1.219415e-002
2.126651e+003,1.204691e-002
2.127134e+003,1.188821e-002
2.127616e+003,1.171611e-002
2.128098e+003,1.153847e-002
2.128580e+003,1.137356e-002
2.129062e+003,1.123302e-002
2.129544e+003,1.111437e-002
2.130026e+003,1.099596e-002
2.130509e+003,1.084759e-002
2.130990e+003,1.064225e-002
2.131473e+003,1.037857e-002
2.131955e+003,1.008008e-002
2.132437e+003,9.797400e-003
2.132919e+003,9.583582e-003
2.133401e+003,9.477978e-003
2.133883e+003,9.487476e-003
2.134365e+003,9.588722e-003
2.134848e+003,9.737275e-003
2.135330e+003,9.893353e-003
2.135812e+003,1.002563e-002
2.136294e+003,1.012679e-002
2.136776e+003,1.019843e-002
2.137258e+003,1.024663e-002
2.137740e+003,1.026534e-002
2.138222e+003,1.024896e-002
2.138705e+003,1.018743e-002
2.139187e+003,1.008797e-002
2.139669e+003,9.964048e-003
2.140151e+003,9.842443e-003
2.140633e+003,9.737000e-003
2.141115e+003,9.646215e-003
2.141597e+003,9.545288e-003
2.142079e+003,9.402670e-003
2.142562e+003,9.192111e-003
2.143044e+003,8.917122e-003
2.143526e+003,8.603741e-003
2.144008e+003,8.302222e-003
2.144490e+003,8.052986e-003
2.144972e+003,7.873729e-003
2.145454e+003,7.751409e-003
2.145937e+003,7.652924e-003
2.146418e+003,7.547736e-003
2.146901e+003,7.430896e-003
2.147383e+003,7.320256e-003
2.147865e+003,7.253975e-003
2.148347e+003,7.251874e-003
2.148829e+003,7.300860e-003
2.149311e+003,7.341761e-003
2.149793e+003,7.296958e-003
2.150276e+003,7.097199e-003
2.150758e+003,6.722167e-003
2.151240e+003,6.203886e-003
2.151722e+003,5.630143e-003
2.152204e+003,5.094712e-003
2.152686e+003,4.666582e-003
2.153168e+003,4.347899e-003
2.153650e+003,4.083364e-003
2.154133e+003,3.781449e-003
2.154615e+003,3.359262e-003
2.155097e+003,2.770477e-003
2.155579e+003,2.036055e-003
2.156061e+003,1.231632e-003
2.156543e+003,4.788707e-004
2.157025e+003,-8.611855e-005
2.157507e+003,-3.246374e-004
2.157990e+003,-1.176149e-004
2.158472e+003,6.254267e-004
2.158954e+003,1.901965e-003
2.159436e+003,3.612754e-003
2.159918e+003,5.530638e-003
2.160400e+003,7.384544e-003
2.160882e+003,8.924918e-003
2.161365e+003,1.000428e-002
2.161846e+003,1.059051e-002
2.162329e+003,1.077933e-002
2.162811e+003,1.072584e-002
2.163293e+003,1.061470e-002
2.163775e+003,1.057994e-002
2.164257e+003,1.068522e-002
2.164739e+003,1.090396e-002
2.165221e+003,1.116691e-002
2.165704e+003,1.139075e-002
2.166186e+003,1.152828e-002
2.166668e+003,1.156624e-002
2.167150e+003,1.153051e-002
2.167632e+003,1.144779e-002
2.168114e+003,1.133749e-002
2.168596e+003,1.118940e-002
2.169078e+003,1.099322e-002
2.169561e+003,1.074085e-002
2.170043e+003,1.045761e-002
2.170525e+003,1.018109e-002
2.171007e+003,9.966755e-003
2.171489e+003,9.843980e-003
2.171971e+003,9.813006e-003
2.172453e+003,9.837950e-003
2.172935e+003,9.872800e-003
2.173417e+003,9.890127e-003
2.173900e+003,9.901200e-003
2.174382e+003,9.947592e-003
2.174864e+003,1.008759e-002
2.175346e+003,1.035505e-002
2.175828e+003,1.073855e-002
2.176310e+003,1.117193e-002
2.176792e+003,1.156669e-002
2.177274e+003,1.183534e-002
2.177757e+003,1.193895e-002
2.178239e+003,1.188012e-002
2.178721e+003,1.171492e-002
2.179203e+003,1.150985e-002
2.179685e+003,1.132899e-002
2.180167e+003,1.120210e-002
2.180649e+003,1.113944e-002
2.181132e+003,1.113759e-002
2.181614e+003,1.120025e-002
2.182096e+003,1.133427e-002
2.182578e+003,1.154619e-002
2.183060e+003,1.182175e-002
2.183542e+003,1.212586e-002
2.184024e+003,1.239508e-002
2.184506e+003,1.257523e-002
2.184989e+003,1.263185e-002
2.185471e+003,1.258093e-002
2.185953e+003,1.247075e-002
2.186435e+003,1.237867e-002
2.186917e+003,1.236297e-002
2.187399e+003,1.244934e-002
2.187881e+003,1.261302e-002
2.188363e+003,1.280032e-002
2.188845e+003,1.294899e-002
2.189328e+003,1.302274e-002
2.189810e+003,1.301509e-002
2.190292e+003,1.295593e-002
2.190774e+003,1.288337e-002
2.191256e+003,1.283439e-002
2.191738e+003,1.281970e-002
2.192220e+003,1.283179e-002
2.192702e+003,1.285126e-002
2.193185e+003,1.286719e-002
2.193667e+003,1.287120e-002
2.194149e+003,1.287403e-002
2.194631e+003,1.288430e-002
2.195113e+003,1.291036e-002
2.195595e+003,1.295006e-002
2.196077e+003,1.300188e-002
2.196560e+003,1.306487e-002
2.197042e+003,1.315010e-002
2.197524e+003,1.326351e-002
2.198006e+003,1.341029e-002
2.198488e+003,1.357407e-002
2.198970e+003,1.372479e-002
2.199452e+003,1.382044e-002
2.199934e+003,1.383308e-002
2.200417e+003,1.375837e-002
2.200899e+003,1.362534e-002
2.201381e+003,1.348207e-002
2.201863e+003,1.338343e-002
2.202345e+003,1.335373e-002
2.202827e+003,1.338582e-002
2.203309e+003,1.343272e-002
2.203791e+003,1.344025e-002
2.204273e+003,1.336372e-002
2.204756e+003,1.319694e-002
2.205238e+003,1.296790e-002
2.205720e+003,1.273230e-002
2.206202e+003,1.254072e-002
2.206684e+003,1.242413e-002
2.207166e+003,1.238069e-002
2.207648e+003,1.238688e-002
2.208130e+003,1.241248e-002
2.208613e+003,1.244455e-002
2.209095e+003,1.248286e-002
2.209577e+003,1.254366e-002
2.210059e+003,1.263632e-002
2.210541e+003,1.275397e-002
2.211023e+003,1.286790e-002
2.211505e+003,1.293806e-002
2.211988e+003,1.293234e-002
2.212469e+003,1.284028e-002
2.212952e+003,1.267634e-002
2.213434e+003,1.248026e-002
2.213916e+003,1.229179e-002
2.214398e+003,1.214146e-002
2.214880e+003,1.203813e-002
2.215362e+003,1.197586e-002
2.215844e+003,1.194464e-002
2.216327e+003,1.194338e-002
2.216809e+003,1.197721e-002
2.217291e+003,1.205927e-002
2.217773e+003,1.218995e-002
2.218255e+003,1.235839e-002
2.218737e+003,1.253385e-002
2.219219e+003,1.268341e-002
2.219701e+003,1.278223e-002
2.220184e+003,1.282951e-002
2.220666e+003,1.284161e-002
2.221148e+003,1.285134e-002
2.221630e+003,1.288278e-002
2.222112e+003,1.294467e-002
2.222594e+003,1.302272e-002
2.223076e+003,1.309154e-002
2.223558e+003,1.312665e-002
2.224041e+003,1.312105e-002
2.224523e+003,1.308430e-002
2.225005e+003,1.304035e-002
2.225487e+003,1.301112e-002
2.225969e+003,1.300683e-002
2.226451e+003,1.301847e-002
2.226933e+003,1.302959e-002
2.227416e+003,1.302224e-002
2.227897e+003,1.299401e-002
2.228380e+003,1.295327e-002
2.228862e+003,1.292022e-002
2.229344e+003,1.290887e-002
2.229826e+003,1.292192e-002
2.230308e+003,1.294501e-002
2.230790e+003,1.296024e-002
2.231272e+003,1.295158e-002
2.231755e+003,1.292245e-002
2.232237e+003,1.288679e-002
2.232719e+003,1.287083e-002
2.233201e+003,1.289048e-002
2.233683e+003,1.294794e-002
2.234165e+003,1.302479e-002
2.234647e+003,1.309499e-002
2.235129e+003,1.313723e-002
2.235612e+003,1.314764e-002
2.236094e+003,1.313997e-002
2.236576e+003,1.313844e-002
2.237058e+003,1.316126e-002
2.237540e+003,1.321294e-002
2.238022e+003,1.327563e-002
2.238504e+003,1.332112e-002
2.238986e+003,1.332489e-002
2.239469e+003,1.328015e-002
2.239951e+003,1.319994e-002
2.240433e+003,1.311482e-002
2.240915e+003,1.305503e-002
2.241397e+003,1.303985e-002
2.241879e+003,1.306517e-002
2.242361e+003,1.311128e-002
2.242844e+003,1.315138e-002
2.243326e+003,1.316988e-002
2.243808e+003,1.316351e-002
2.244290e+003,1.314592e-002
2.244772e+003,1.313510e-002
2.245254e+003,1.314636e-002
2.245736e+003,1.318124e-002
2.246218e+003,1.323145e-002
2.246700e+003,1.328439e-002
2.247183e+003,1.333427e-002
2.247665e+003,1.337911e-002
2.248147e+003,1.342857e-002
2.248629e+003,1.348902e-002
2.249111e+003,1.356044e-002
2.249593e+003,1.363137e-002
2.250075e+003,1.368245e-002
2.250557e+003,1.369544e-002
2.251040e+003,1.366343e-002
2.251522e+003,1.359222e-002
2.252004e+003,1.350109e-002
2.252486e+003,1.341401e-002
2.252968e+003,1.335104e-002
2.253450e+003,1.332165e-002
2.253932e+003,1.332503e-002
2.254415e+003,1.335514e-002
2.254896e+003,1.340572e-002
2.255379e+003,1.347200e-002
2.255861e+003,1.355384e-002
2.256343e+003,1.364581e-002
2.256825e+003,1.373957e-002
2.257307e+003,1.381897e-002
2.257789e+003,1.386889e-002
2.258271e+003,1.387951e-002
2.258754e+003,1.385279e-002
2.259236e+003,1.380101e-002
2.259718e+003,1.374511e-002
2.260200e+003,1.370058e-002
2.260682e+003,1.367639e-002
2.261164e+003,1.366737e-002
2.261646e+003,1.366086e-002
2.262128e+003,1.364425e-002
2.262611e+003,1.361264e-002
2.263093e+003,1.357008e-002
2.263575e+003,1.353183e-002
2.264057e+003,1.351303e-002
2.264539e+003,1.352694e-002
2.265021e+003,1.357601e-002
2.265503e+003,1.365585e-002
2.265985e+003,1.375841e-002
2.266468e+003,1.387657e-002
2.266950e+003,1.400370e-002
2.267432e+003,1.413578e-002
2.267914e+003,1.426519e-002
2.268396e+003,1.438063e-002
2.268878e+003,1.446867e-002
2.269360e+003,1.451989e-002
2.269843e+003,1.453244e-002
2.270324e+003,1.451843e-002
2.270807e+003,1.449776e-002
2.271289e+003,1.449443e-002
2.271771e+003,1.452646e-002
2.272253e+003,1.459831e-002
2.272735e+003,1.470046e-002
2.273217e+003,1.481528e-002
2.273699e+003,1.492404e-002
2.274182e+003,1.501602e-002
2.274664e+003,1.508701e-002
2.275146e+003,1.514325e-002
2.275628e+003,1.519011e-002
2.276110e+003,1.523185e-002
2.276592e+003,1.526656e-002
2.277074e+003,1.529178e-002
2.277556e+003,1.530805e-002
2.278039e+003,1.532294e-002
2.278521e+003,1.534926e-002
2.279003e+003,1.540213e-002
2.279485e+003,1.548871e-002
2.279967e+003,1.560694e-002
2.280449e+003,1.574251e-002
2.280931e+003,1.587584e-002
2.281413e+003,1.599020e-002
2.281896e+003,1.607795e-002
2.282378e+003,1.614207e-002
2.282860e+003,1.619430e-002
2.283342e+003,1.624633e-002
2.283824e+003,1.630491e-002
2.284306e+003,1.636814e-002
2.284788e+003,1.642762e-002
2.285271e+003,1.647382e-002
2.285752e+003,1.650286e-002
2.286235e+003,1.651643e-002
2.286717e+003,1.652246e-002
2.287199e+003,1.652810e-002
2.287681e+003,1.653629e-002
2.288163e+003,1.654254e-002
2.288645e+003,1.653809e-002
2.289127e+003,1.651404e-002
2.289610e+003,1.646638e-002
2.290092e+003,1.639841e-002
2.290574e+003,1.631954e-002
2.291056e+003,1.624002e-002
2.291538e+003,1.616712e-002
2.292020e+003,1.610159e-002
2.292502e+003,1.603952e-002
2.292984e+003,1.597587e-002
2.293467e+003,1.590858e-002
2.293949e+003,1.584002e-002
2.294431e+003,1.577770e-002
2.294913e+003,1.572771e-002
2.295395e+003,1.569300e-002
2.295877e+003,1.566909e-002
2.296359e+003,1.564727e-002
2.296841e+003,1.561878e-002
2.297323e+003,1.557945e-002
2.297806e+003,1.553106e-002
2.298288e+003,1.548382e-002
2.298770e+003,1.544746e-002
2.299252e+003,1.543128e-002
2.299734e+003,1.543599e-002
2.300216e+003,1.545640e-002
2.300698e+003,1.548318e-002
2.301180e+003,1.550826e-002
2.301663e+003,1.552669e-002
2.302145e+003,1.553932e-002
2.302627e+003,1.554885e-002
2.303109e+003,1.555831e-002
2.303591e+003,1.556684e-002
2.304073e+003,1.557087e-002
2.304555e+003,1.556505e-002
2.305038e+003,1.554721e-002
2.305520e+003,1.551857e-002
2.306002e+003,1.548597e-002
2.306484e+003,1.545870e-002
2.306966e+003,1.544556e-002
2.307448e+003,1.545088e-002
2.307930e+003,1.547477e-002
2.308412e+003,1.551218e-002
2.308895e+003,1.555753e-002
2.309377e+003,1.560461e-002
2.309859e+003,1.565031e-002
2.310341e+003,1.569145e-002
2.310823e+003,1.572599e-002
2.311305e+003,1.575222e-002
2.311787e+003,1.576927e-002
2.312269e+003,1.577918e-002
2.312751e+003,1.578753e-002
2.313234e+003,1.580266e-002
2.313716e+003,1.583367e-002
2.314198e+003,1.588745e-002
2.314680e+003,1.596439e-002
2.315162e+003,1.605883e-002
2.315644e+003,1.616104e-002
2.316126e+003,1.626057e-002
2.316608e+003,1.635163e-002
2.317091e+003,1.643159e-002
2.317573e+003,1.650448e-002
2.318055e+003,1.657631e-002
2.318537e+003,1.665357e-002
2.319019e+003,1.674171e-002
2.319501e+003,1.684616e-002
2.319983e+003,1.697474e-002
2.320466e+003,1.713677e-002
2.320948e+003,1.734037e-002
2.321430e+003,1.758721e-002
2.321912e+003,1.786412e-002
2.322394e+003,1.814076e-002
2.322876e+003,1.837188e-002
2.323358e+003,1.850772e-002
2.323840e+003,1.850834e-002
2.324323e+003,1.835524e-002
2.324805e+003,1.805701e-002
2.325287e+003,1.764645e-002
2.325769e+003,1.717171e-002
2.326251e+003,1.668476e-002
2.326733e+003,1.622958e-002
2.327215e+003,1.583746e-002
2.327697e+003,1.552272e-002
2.328179e+003,1.528672e-002
2.328662e+003,1.512094e-002
2.329144e+003,1.501393e-002
2.329626e+003,1.495210e-002
2.330108e+003,1.492424e-002
2.330590e+003,1.492035e-002
2.331072e+003,1.493136e-002
2.331554e+003,1.494911e-002
2.332036e+003,1.496804e-002
2.332519e+003,1.498478e-002
2.333001e+003,1.499847e-002
2.333483e+003,1.501044e-002
2.333965e+003,1.502099e-002
2.334447e+003,1.502802e-002
2.334929e+003,1.502830e-002
2.335411e+003,1.501805e-002
2.335894e+003,1.499539e-002
2.336375e+003,1.496218e-002
2.336858e+003,1.492441e-002
2.337340e+003,1.488953e-002
2.337822e+003,1.486454e-002
2.338304e+003,1.485133e-002
2.338786e+003,1.484920e-002
2.339268e+003,1.485266e-002
2.339750e+003,1.485674e-002
2.340233e+003,1.485658e-002
2.340715e+003,1.485216e-002
2.341197e+003,1.484404e-002
2.341679e+003,1.483521e-002
2.342161e+003,1.482708e-002
2.342643e+003,1.482092e-002
2.343125e+003,1.481680e-002
2.343607e+003,1.481780e-002
2.344090e+003,1.482526e-002
2.344572e+003,1.484408e-002
2.345054e+003,1.487536e-002
2.345536e+003,1.491785e-002
2.346018e+003,1.496643e-002
2.346500e+003,1.501416e-002
2.346982e+003,1.505442e-002
2.347464e+003,1.508332e-002
2.347947e+003,1.509913e-002
2.348429e+003,1.510302e-002
2.348911e+003,1.509546e-002
2.349393e+003,1.507810e-002
2.349875e+003,1.505164e-002
2.350357e+003,1.501647e-002
2.350839e+003,1.497411e-002
2.351322e+003,1.492808e-002
2.351803e+003,1.488251e-002
2.352286e+003,1.484183e-002
2.352768e+003,1.480699e-002
2.353250e+003,1.477505e-002
2.353732e+003,1.473852e-002
2.354214e+003,1.468978e-002
2.354696e+003,1.462512e-002
2.355178e+003,1.454912e-002
2.355661e+003,1.447261e-002
2.356143e+003,1.441049e-002
2.356625e+003,1.437218e-002
2.357107e+003,1.435841e-002
2.357589e+003,1.435627e-002
2.358071e+003,1.434716e-002
2.358553e+003,1.431150e-002
2.359035e+003,1.424207e-002
2.359518e+003,1.414343e-002
2.360000e+003,1.403232e-002
2.360482e+003,1.392727e-002
2.360964e+003,1.384210e-002
2.361446e+003,1.377617e-002
2.361928e+003,1.371862e-002
2.362410e+003,1.365360e-002
2.362892e+003,1.357102e-002
2.363375e+003,1.347000e-002
2.363857e+003,1.336316e-002
2.364339e+003,1.326811e-002
2.364821e+003,1.320311e-002
2.365303e+003,1.317405e-002
2.365785e+003,1.317896e-002
2.366267e+003,1.320531e-002
2.366750e+003,1.323866e-002
2.367232e+003,1.326742e-002
2.367714e+003,1.328642e-002
2.368196e+003,1.329651e-002
2.368678e+003,1.330216e-002
2.369160e+003,1.330741e-002
2.369642e+003,1.331545e-002
2.370124e+003,1.332683e-002
2.370606e+003,1.334299e-002
2.371089e+003,1.336385e-002
2.371571e+003,1.339204e-002
2.372053e+003,1.342892e-002
2.372535e+003,1.347506e-002
2.373017e+003,1.352846e-002
2.373499e+003,1.358739e-002
2.373981e+003,1.364905e-002
2.374463e+003,1.371329e-002
2.374946e+003,1.378004e-002
2.375428e+003,1.385016e-002
2.375910e+003,1.392167e-002
2.376392e+003,1.399154e-002
2.376874e+003,1.405337e-002
2.377356e+003,1.410102e-002
2.377838e+003,1.413024e-002
2.378321e+003,1.414253e-002
2.378802e+003,1.414380e-002
2.379285e+003,1.414347e-002
2.379767e+003,1.415113e-002
2.380249e+003,1.417359e-002
2.380731e+003,1.421124e-002
2.381213e+003,1.426012e-002
2.381695e+003,1.431141e-002
2.382177e+003,1.435785e-002
2.382660e+003,1.439206e-002
2.383142e+003,1.441194e-002
2.383624e+003,1.441846e-002
2.384106e+003,1.441505e-002
2.384588e+003,1.440514e-002
2.385070e+003,1.439251e-002
2.385552e+003,1.437939e-002
2.386034e+003,1.436771e-002
2.386517e+003,1.435826e-002
2.386999e+003,1.435338e-002
2.387481e+003,1.435420e-002
2.387963e+003,1.436271e-002
2.388445e+003,1.437933e-002
2.388927e+003,1.440302e-002
2.389409e+003,1.443355e-002
2.389891e+003,1.446962e-002
2.390374e+003,1.450860e-002
2.390856e+003,1.454832e-002
2.391338e+003,1.458541e-002
2.391820e+003,1.461551e-002
2.392302e+003,1.463438e-002
2.392784e+003,1.464014e-002
2.393266e+003,1.463239e-002
2.393749e+003,1.461612e-002
2.394230e+003,1.459742e-002
2.394713e+003,1.458515e-002
2.395195e+003,1.458503e-002
2.395677e+003,1.459915e-002
2.396159e+003,1.462391e-002
2.396641e+003,1.465262e-002
2.397123e+003,1.467708e-002
2.397605e+003,1.469139e-002
2.398088e+003,1.469209e-002
2.398570e+003,1.468223e-002
2.399052e+003,1.466575e-002
2.399534e+003,1.464870e-002
2.400016e+003,1.463503e-002
2.400498e+003,1.462587e-002
2.400980e+003,1.462131e-002
2.401462e+003,1.462085e-002
2.401945e+003,1.462436e-002
2.402427e+003,1.463221e-002
2.402909e+003,1.464581e-002
2.403391e+003,1.466675e-002
2.403873e+003,1.469555e-002
2.404355e+003,1.473170e-002
2.404837e+003,1.477563e-002
2.405319e+003,1.482782e-002
2.405802e+003,1.488868e-002
2.406284e+003,1.495969e-002
2.406766e+003,1.503889e-002
2.407248e+003,1.512363e-002
2.407730e+003,1.520785e-002
2.408212e+003,1.528497e-002
2.408694e+003,1.534999e-002
2.409177e+003,1.540151e-002
2.409658e+003,1.544170e-002
2.410141e+003,1.547623e-002
2.410623e+003,1.551030e-002
2.411105e+003,1.554770e-002
2.411587e+003,1.558657e-002
2.412069e+003,1.562189e-002
2.412551e+003,1.564717e-002
2.413033e+003,1.565768e-002
2.413516e+003,1.565220e-002
2.413998e+003,1.563503e-002
2.414480e+003,1.561209e-002
2.414962e+003,1.559174e-002
2.415444e+003,1.557868e-002
2.415926e+003,1.557529e-002
2.416408e+003,1.557986e-002
2.416890e+003,1.559053e-002
2.417373e+003,1.560340e-002
2.417855e+003,1.561822e-002
2.418337e+003,1.563394e-002
2.418819e+003,1.565178e-002
2.419301e+003,1.567117e-002
2.419783e+003,1.569139e-002
2.420265e+003,1.571217e-002
2.420747e+003,1.573265e-002
2.421229e+003,1.575419e-002
2.421712e+003,1.577956e-002
2.422194e+003,1.581032e-002
2.422676e+003,1.584786e-002
2.423158e+003,1.589054e-002
2.423640e+003,1.593512e-002
2.424122e+003,1.597670e-002
2.424604e+003,1.601104e-002
2.425086e+003,1.603559e-002
2.425569e+003,1.605119e-002
2.426051e+003,1.606074e-002
2.426533e+003,1.606850e-002
2.427015e+003,1.607848e-002
2.427497e+003,1.609318e-002
2.427979e+003,1.611443e-002
2.428461e+003,1.614353e-002
2.428944e+003,1.618073e-002
2.429426e+003,1.622555e-002
2.429908e+003,1.627742e-002
2.430390e+003,1.633455e-002
2.430872e+003,1.639243e-002
2.431354e+003,1.644723e-002
2.431836e+003,1.649444e-002
2.432318e+003,1.653201e-002
2.432801e+003,1.655887e-002
2.433283e+003,1.657714e-002
2.433765e+003,1.658976e-002
2.434247e+003,1.660075e-002
2.434729e+003,1.661387e-002
2.435211e+003,1.663200e-002
2.435693e+003,1.665849e-002
2.436175e+003,1.669615e-002
2.436657e+003,1.674662e-002
2.437140e+003,1.681040e-002
2.437622e+003,1.688430e-002
2.438104e+003,1.696365e-002
2.438586e+003,1.704082e-002
2.439068e+003,1.710882e-002
2.439550e+003,1.716297e-002
2.440032e+003,1.720227e-002
2.440514e+003,1.722983e-002
2.440997e+003,1.725108e-002
2.441479e+003,1.727151e-002
2.441961e+003,1.729400e-002
2.442443e+003,1.731847e-002
2.442925e+003,1.734237e-002
2.443407e+003,1.736308e-002
2.443889e+003,1.738000e-002
2.444372e+003,1.739521e-002
2.444854e+003,1.741305e-002
2.445336e+003,1.743823e-002
2.445818e+003,1.747305e-002
2.446300e+003,1.751605e-002
2.446782e+003,1.756277e-002
2.447264e+003,1.760778e-002
2.447746e+003,1.764638e-002
2.448229e+003,1.767608e-002
2.448711e+003,1.769928e-002
2.449193e+003,1.771894e-002
2.449675e+003,1.773943e-002
2.450157e+003,1.776232e-002
2.450639e+003,1.778786e-002
2.451121e+003,1.781440e-002
2.451604e+003,1.784079e-002
2.452085e+003,1.786693e-002
2.452568e+003,1.789499e-002
2.453050e+003,1.792802e-002
2.453532e+003,1.796816e-002
2.454014e+003,1.801577e-002
2.454496e+003,1.806894e-002
2.454978e+003,1.812296e-002
2.455460e+003,1.817278e-002
2.455943e+003,1.821393e-002
2.456425e+003,1.824350e-002
2.456907e+003,1.826050e-002
2.457389e+003,1.826598e-002
2.457871e+003,1.826087e-002
2.458353e+003,1.824796e-002
2.458835e+003,1.823008e-002
2.459317e+003,1.821152e-002
2.459800e+003,1.819619e-002
2.460282e+003,1.818914e-002
2.460764e+003,1.819262e-002
2.461246e+003,1.820780e-002
2.461728e+003,1.823194e-002
2.462210e+003,1.826033e-002
2.462692e+003,1.828698e-002
2.463174e+003,1.830766e-002
2.463656e+003,1.831880e-002
2.464139e+003,1.832039e-002
2.464621e+003,1.831426e-002
2.465103e+003,1.830388e-002
2.465585e+003,1.829308e-002
2.466067e+003,1.828644e-002
2.466549e+003,1.828702e-002
2.467031e+003,1.829866e-002
2.467513e+003,1.832328e-002
2.467996e+003,1.836179e-002
2.468478e+003,1.841198e-002
2.468960e+003,1.847100e-002
2.469442e+003,1.853272e-002
2.469924e+003,1.859262e-002
2.470406e+003,1.864622e-002
2.470888e+003,1.869210e-002
2.471371e+003,1.872991e-002
2.471853e+003,1.876115e-002
2.472335e+003,1.878682e-002
2.472817e+003,1.880791e-002
2.473299e+003,1.882225e-002
2.473781e+003,1.882917e-002
2.474263e+003,1.882892e-002
2.474745e+003,1.882366e-002
2.475228e+003,1.881807e-002
2.475710e+003,1.881756e-002
2.476192e+003,1.882723e-002
2.476674e+003,1.884894e-002
2.477156e+003,1.888218e-002
2.477638e+003,1.892379e-002
2.478120e+003,1.897033e-002
2.478602e+003,1.902000e-002
2.479084e+003,1.907094e-002
2.479567e+003,1.912432e-002
2.480049e+003,1.917999e-002
2.480531e+003,1.923777e-002
2.481013e+003,1.929565e-002
2.481495e+003,1.935004e-002
2.481977e+003,1.939827e-002
2.482459e+003,1.943905e-002
2.482941e+003,1.947273e-002
2.483424e+003,1.950106e-002
2.483906e+003,1.952546e-002
2.484388e+003,1.954644e-002
2.484870e+003,1.956289e-002
2.485352e+003,1.957289e-002
2.485834e+003,1.957501e-002
2.486316e+003,1.956991e-002
2.486799e+003,1.956003e-002
2.487281e+003,1.955032e-002
2.487763e+003,1.954453e-002
2.488245e+003,1.954589e-002
2.488727e+003,1.955530e-002
2.489209e+003,1.957211e-002
2.489691e+003,1.959472e-002
2.490173e+003,1.962237e-002
2.490656e+003,1.965423e-002
2.491138e+003,1.968982e-002
2.491620e+003,1.972776e-002
2.492102e+003,1.976589e-002
2.492584e+003,1.980092e-002
2.493066e+003,1.983041e-002
2.493548e+003,1.985495e-002
2.494030e+003,1.987755e-002
2.494512e+003,1.990328e-002
2.494995e+003,1.993727e-002
2.495477e+003,1.998189e-002
2.495959e+003,2.003546e-002
2.496441e+003,2.009106e-002
2.496923e+003,2.014163e-002
2.497405e+003,2.018102e-002
2.497887e+003,2.020801e-002
2.498370e+003,2.022600e-002
2.498852e+003,2.024154e-002
2.499334e+003,2.026156e-002
2.499816e+003,2.028910e-002
2.500298e+003,2.032230e-002
2.500780e+003,2.035493e-002
2.501262e+003,2.037996e-002
2.501744e+003,2.039318e-002
2.502227e+003,2.039390e-002
2.502709e+003,2.038769e-002
2.503191e+003,2.038165e-002
2.503673e+003,2.038295e-002
2.504155e+003,2.039414e-002
2.504637e+003,2.041440e-002
2.505119e+003,2.043905e-002
2.505601e+003,2.046396e-002
2.506083e+003,2.048601e-002
2.506566e+003,2.050526e-002
2.507048e+003,2.052504e-002
2.507530e+003,2.054795e-002
2.508012e+003,2.057578e-002
2.508494e+003,2.060769e-002
2.508976e+003,2.064130e-002
2.509458e+003,2.067417e-002
2.509940e+003,2.070450e-002
2.510423e+003,2.073306e-002
2.510905e+003,2.076206e-002
2.511387e+003,2.079411e-002
2.511869e+003,2.083051e-002
2.512351e+003,2.087125e-002
2.512833e+003,2.091480e-002
2.513315e+003,2.095982e-002
2.513798e+003,2.100443e-002
2.514280e+003,2.104888e-002
2.514762e+003,2.109276e-002
2.515244e+003,2.113597e-002
2.515726e+003,2.117733e-002
2.516208e+003,2.121454e-002
2.516690e+003,2.124632e-002
2.517172e+003,2.127199e-002
2.517655e+003,2.129240e-002
2.518137e+003,2.131009e-002
2.518619e+003,2.132847e-002
2.519101e+003,2.134982e-002
2.519583e+003,2.137477e-002
2.520065e+003,2.140330e-002
2.520547e+003,2.143448e-002
2.521029e+003,2.146839e-002
2.521511e+003,2.150538e-002
2.521994e+003,2.154640e-002
2.522476e+003,2.159092e-002
2.522958e+003,2.163802e-002
2.523440e+003,2.168361e-002
2.523922e+003,2.172391e-002
2.524404e+003,2.175682e-002
2.524886e+003,2.178367e-002
2.525368e+003,2.180746e-002
2.525851e+003,2.183451e-002
2.526333e+003,2.186933e-002
2.526815e+003,2.191364e-002
2.527297e+003,2.196473e-002
2.527779e+003,2.201651e-002
2.528261e+003,2.206234e-002
2.528743e+003,2.209800e-002
2.529226e+003,2.212351e-002
2.529708e+003,2.214243e-002
2.530190e+003,2.216034e-002
2.530672e+003,2.218167e-002
2.531154e+003,2.220670e-002
2.531636e+003,2.223190e-002
2.532118e+003,2.225214e-002
2.532600e+003,2.226340e-002
2.533083e+003,2.226456e-002
2.533565e+003,2.226005e-002
2.534047e+003,2.225795e-002
2.534529e+003,2.226613e-002
2.535011e+003,2.229059e-002
2.535493e+003,2.233169e-002
2.535975e+003,2.238610e-002
2.536457e+003,2.244671e-002
2.536939e+003,2.250580e-002
2.537422e+003,2.255830e-002
2.537904e+003,2.260225e-002
2.538386e+003,2.263925e-002
2.538868e+003,2.267163e-002
2.539350e+003,2.270342e-002
2.539832e+003,2.273676e-002
2.540314e+003,2.277330e-002
2.540796e+003,2.281209e-002
2.541279e+003,2.285286e-002
2.541761e+003,2.289323e-002
2.542243e+003,2.293274e-002
2.542725e+003,2.296926e-002
2.543207e+003,2.300287e-002
2.543689e+003,2.303434e-002
2.544171e+003,2.306685e-002
2.544654e+003,2.310239e-002
2.545135e+003,2.314440e-002
2.545618e+003,2.319314e-002
2.546100e+003,2.324836e-002
2.546582e+003,2.330620e-002
2.547064e+003,2.336232e-002
2.547546e+003,2.341347e-002
2.548028e+003,2.345895e-002
2.548510e+003,2.349970e-002
2.548993e+003,2.353970e-002
2.549475e+003,2.358151e-002
2.549957e+003,2.362644e-002
2.550439e+003,2.367244e-002
2.550921e+003,2.371525e-002
2.551403e+003,2.375014e-002
2.551885e+003,2.377562e-002
2.552367e+003,2.379290e-002
2.552850e+003,2.380751e-002
2.553332e+003,2.382652e-002
2.553814e+003,2.385670e-002
2.554296e+003,2.390089e-002
2.554778e+003,2.395756e-002
2.555260e+003,2.402291e-002
2.555742e+003,2.409052e-002
2.556224e+003,2.415402e-002
2.556707e+003,2.421043e-002
2.557189e+003,2.425847e-002
2.557671e+003,2.429899e-002
2.558153e+003,2.433441e-002
2.558635e+003,2.436621e-002
2.559117e+003,2.439732e-002
2.559599e+003,2.443018e-002
2.560082e+003,2.446696e-002
2.560563e+003,2.451059e-002
2.561046e+003,2.456170e-002
2.561528e+003,2.462082e-002
2.562010e+003,2.468395e-002
2.562492e+003,2.474642e-002
2.562974e+003,2.480282e-002
2.563456e+003,2.484944e-002
2.563938e+003,2.488348e-002
2.564421e+003,2.490605e-002
2.564903e+003,2.492021e-002
2.565385e+003,2.492907e-002
2.565867e+003,2.493627e-002
2.566349e+003,2.494400e-002
2.566831e+003,2.495495e-002
2.567313e+003,2.497190e-002
2.567795e+003,2.499721e-002
2.568278e+003,2.503576e-002
2.568760e+003,2.508982e-002
2.569242e+003,2.516070e-002
2.569724e+003,2.524571e-002
2.570206e+003,2.533966e-002
2.570688e+003,2.543512e-002
2.571170e+003,2.552635e-002
2.571652e+003,2.560699e-002
2.572135e+003,2.567544e-002
2.572617e+003,2.573198e-002
2.573099e+003,2.577938e-002
2.573581e+003,2.581991e-002
2.574063e+003,2.585721e-002
2.574545e+003,2.589392e-002
2.575027e+003,2.593256e-002
2.575510e+003,2.597541e-002
2.575991e+003,2.602474e-002
2.576474e+003,2.608186e-002
2.576956e+003,2.614661e-002
2.577438e+003,2.621698e-002
2.577920e+003,2.628913e-002
2.578402e+003,2.635956e-002
2.578884e+003,2.642433e-002
2.579366e+003,2.648072e-002
2.579849e+003,2.652778e-002
2.580331e+003,2.656539e-002
2.580813e+003,2.659425e-002
2.581295e+003,2.661517e-002
2.581777e+003,2.663029e-002
2.582259e+003,2.664272e-002
2.582741e+003,2.665803e-002
2.583223e+003,2.668299e-002
2.583706e+003,2.672366e-002
2.584188e+003,2.678415e-002
2.584670e+003,2.686555e-002
2.585152e+003,2.696294e-002
2.585634e+003,2.706810e-002
2.586116e+003,2.717164e-002
2.586598e+003,2.726433e-002
2.587080e+003,2.734039e-002
2.587563e+003,2.739846e-002
2.588045e+003,2.744046e-002
2.588527e+003,2.747177e-002
2.589009e+003,2.749851e-002
2.589491e+003,2.752623e-002
2.589973e+003,2.755976e-002
2.590455e+003,2.760288e-002
2.590938e+003,2.765659e-002
2.591419e+003,2.772105e-002
2.591902e+003,2.779328e-002
2.592384e+003,2.786916e-002
2.592866e+003,2.794171e-002
2.593348e+003,2.800602e-002
2.593830e+003,2.805818e-002
2.594312e+003,2.809829e-002
2.594794e+003,2.812926e-002
2.595277e+003,2.815652e-002
2.595759e+003,2.818460e-002
2.596241e+003,2.821762e-002
2.596723e+003,2.825488e-002
2.597205e+003,2.829498e-002
2.597687e+003,2.833510e-002
2.598169e+003,2.837531e-002
2.598651e+003,2.841687e-002
2.599134e+003,2.846497e-002
2.599616e+003,2.852414e-002
2.600098e+003,2.859764e-002
2.600580e+003,2.868373e-002
2.601062e+003,2.877825e-002
2.601544e+003,2.887466e-002
2.602026e+003,2.896749e-002
2.602508e+003,2.905319e-002
2.602990e+003,2.913326e-002
2.603473e+003,2.921142e-002
2.603955e+003,2.929085e-002
2.604437e+003,2.937376e-002
2.604919e+003,2.945795e-002
2.605401e+003,2.953916e-002
2.605883e+003,2.961261e-002
2.606365e+003,2.967544e-002
2.606847e+003,2.972856e-002
2.607330e+003,2.977547e-002
2.607812e+003,2.982311e-002
2.608294e+003,2.987619e-002
2.608776e+003,2.993789e-002
2.609258e+003,3.000867e-002
2.609740e+003,3.008516e-002
2.610222e+003,3.016346e-002
2.610705e+003,3.023993e-002
2.611187e+003,3.031260e-002
2.611669e+003,3.038122e-002
2.612151e+003,3.044692e-002
2.612633e+003,3.051185e-002
2.613115e+003,3.057752e-002
2.613597e+003,3.064660e-002
2.614079e+003,3.072112e-002
2.614562e+003,3.080352e-002
2.615044e+003,3.089494e-002
2.615526e+003,3.099637e-002
2.616008e+003,3.110676e-002
2.616490e+003,3.122333e-002
2.616972e+003,3.134318e-002
2.617454e+003,3.146262e-002
2.617936e+003,3.157936e-002
2.618418e+003,3.169258e-002
2.618901e+003,3.180264e-002
2.619383e+003,3.191096e-002
2.619865e+003,3.201834e-002
2.620347e+003,3.212542e-002
2.620829e+003,3.223263e-002
2.621311e+003,3.234051e-002
2.621793e+003,3.244942e-002
2.622276e+003,3.256151e-002
2.622758e+003,3.267767e-002
2.623240e+003,3.279845e-002
2.623722e+003,3.292392e-002
2.624204e+003,3.305206e-002
2.624686e+003,3.317963e-002
2.625168e+003,3.330545e-002
2.625650e+003,3.342767e-002
2.626133e+003,3.354654e-002
2.626615e+003,3.366313e-002
2.627097e+003,3.377869e-002
2.627579e+003,3.389394e-002
2.628061e+003,3.400861e-002
2.628543e+003,3.412217e-002
2.629025e+003,3.423489e-002
2.629507e+003,3.434782e-002
2.629990e+003,3.446323e-002
2.630472e+003,3.458301e-002
2.630954e+003,3.470868e-002
2.631436e+003,3.483783e-002
2.631918e+003,3.496729e-002
2.632400e+003,3.509151e-002
2.632882e+003,3.520581e-002
2.633364e+003,3.530755e-002
2.633846e+003,3.539880e-002
2.634329e+003,3.548478e-002
2.634811e+003,3.557260e-002
2.635293e+003,3.566909e-002
2.635775e+003,3.577833e-002
2.636257e+003,3.590114e-002
2.636739e+003,3.603420e-002
2.637221e+003,3.617100e-002
2.637704e+003,3.630508e-002
2.638186e+003,3.643074e-002
2.638668e+003,3.654462e-002
2.639150e+003,3.664546e-002
2.639632e+003,3.673542e-002
2.640114e+003,3.681746e-002
2.640596e+003,3.689629e-002
2.641078e+003,3.697622e-002
2.641561e+003,3.706081e-002
2.642043e+003,3.715238e-002
2.642525e+003,3.725106e-002
2.643007e+003,3.735519e-002
2.643489e+003,3.746118e-002
2.643971e+003,3.756514e-002
2.644453e+003,3.766488e-002
2.644935e+003,3.775860e-002
2.645417e+003,3.784710e-002
2.645900e+003,3.793273e-002
2.646382e+003,3.801832e-002
2.646864e+003,3.810538e-002
2.647346e+003,3.819474e-002
2.647828e+003,3.828587e-002
2.648310e+003,3.837712e-002
2.648792e+003,3.846624e-002
2.649274e+003,3.855348e-002
2.649757e+003,3.863884e-002
2.650239e+003,3.872479e-002
2.650721e+003,3.881277e-002
2.651203e+003,3.890515e-002
2.651685e+003,3.900275e-002
2.652167e+003,3.910557e-002
2.652649e+003,3.921261e-002
2.653132e+003,3.932225e-002
2.653614e+003,3.943266e-002
2.654096e+003,3.954174e-002
2.654578e+003,3.964724e-002
2.655060e+003,3.974751e-002
2.655542e+003,3.984134e-002
2.656024e+003,3.992919e-002
2.656506e+003,4.001162e-002
2.656989e+003,4.009034e-002
2.657471e+003,4.016709e-002
2.657953e+003,4.024267e-002
2.658435e+003,4.031656e-002
2.658917e+003,4.038801e-002
2.659399e+003,4.045373e-002
2.659881e+003,4.051236e-002
2.660363e+003,4.056161e-002
2.660845e+003,4.060275e-002
2.661328e+003,4.063541e-002
2.661810e+003,4.066195e-002
2.662292e+003,4.068312e-002
2.662774e+003,4.070044e-002
2.663256e+003,4.071448e-002
2.663738e+003,4.072697e-002
2.664220e+003,4.073946e-002
2.664702e+003,4.075480e-002
2.665185e+003,4.077580e-002
2.665667e+003,4.080440e-002
2.666149e+003,4.084143e-002
2.666631e+003,4.088543e-002
2.667113e+003,4.093402e-002
2.667595e+003,4.098473e-002
2.668077e+003,4.103481e-002
2.668560e+003,4.108365e-002
2.669042e+003,4.113129e-002
2.669524e+003,4.117895e-002
2.670006e+003,4.122783e-002
2.670488e+003,4.127818e-002
2.670970e+003,4.132883e-002
2.671452e+003,4.137875e-002
2.671934e+003,4.142632e-002
2.672417e+003,4.147124e-002
2.672899e+003,4.151322e-002
2.673381e+003,4.155395e-002
2.673863e+003,4.159422e-002
2.674345e+003,4.163533e-002
2.674827e+003,4.167849e-002
2.675309e+003,4.172422e-002
2.675791e+003,4.177393e-002
2.676273e+003,4.182760e-002
2.676756e+003,4.188625e-002
2.677238e+003,4.194879e-002
2.677720e+003,4.201383e-002
2.678202e+003,4.207743e-002
2.678684e+003,4.213654e-002
2.679166e+003,4.218803e-002
2.679648e+003,4.222969e-002
2.680130e+003,4.226224e-002
2.680613e+003,4.228744e-002
2.681095e+003,4.230831e-002
2.681577e+003,4.232725e-002
2.682059e+003,4.234629e-002
2.682541e+003,4.236561e-002
2.683023e+003,4.238622e-002
2.683505e+003,4.240749e-002
2.683988e+003,4.242986e-002
2.684469e+003,4.245492e-002
2.684952e+003,4.248349e-002
2.685434e+003,4.251594e-002
2.685916e+003,4.255154e-002
2.686398e+003,4.258881e-002
2.686880e+003,4.262610e-002
2.687362e+003,4.266228e-002
2.687844e+003,4.269866e-002
2.688327e+003,4.273571e-002
2.688809e+003,4.277581e-002
2.689291e+003,4.282017e-002
2.689773e+003,4.286742e-002
2.690255e+003,4.291579e-002
2.690737e+003,4.296242e-002
2.691219e+003,4.300518e-002
2.691701e+003,4.304258e-002
2.692184e+003,4.307565e-002
2.692666e+003,4.310669e-002
2.693148e+003,4.313765e-002
2.693630e+003,4.317075e-002
2.694112e+003,4.320626e-002
2.694594e+003,4.324402e-002
2.695076e+003,4.328316e-002
2.695558e+003,4.332390e-002
2.696041e+003,4.336613e-002
2.696523e+003,4.341116e-002
2.697005e+003,4.345991e-002
2.697487e+003,4.351221e-002
2.697969e+003,4.356777e-002
2.698451e+003,4.362474e-002
2.698933e+003,4.368182e-002
2.699416e+003,4.373855e-002
2.699897e+003,4.379483e-002
2.700380e+003,4.385197e-002
2.700862e+003,4.391090e-002
2.701344e+003,4.397216e-002
2.701826e+003,4.403569e-002
2.702308e+003,4.410072e-002
2.702790e+003,4.416670e-002
2.703272e+003,4.423327e-002
2.703755e+003,4.430125e-002
2.704237e+003,4.437159e-002
2.704719e+003,4.444502e-002
2.705201e+003,4.452183e-002
2.705683e+003,4.460174e-002
2.706165e+003,4.468327e-002
2.706647e+003,4.476558e-002
2.707129e+003,4.484791e-002
2.707612e+003,4.493064e-002
2.708094e+003,4.501444e-002
2.708576e+003,4.509892e-002
2.709058e+003,4.518445e-002
2.709540e+003,4.526985e-002
2.710022e+003,4.535433e-002
2.710504e+003,4.543735e-002
2.710986e+003,4.551928e-002
2.711469e+003,4.560087e-002
2.711951e+003,4.568352e-002
2.712433e+003,4.576741e-002
2.712915e+003,4.585228e-002
2.713397e+003,4.593661e-002
2.713879e+003,4.601873e-002
2.714361e+003,4.609761e-002
2.714844e+003,4.617371e-002
2.715325e+003,4.624844e-002
2.715808e+003,4.632412e-002
2.716290e+003,4.640227e-002
2.716772e+003,4.648392e-002
2.717254e+003,4.656802e-002
2.717736e+003,4.665376e-002
2.718218e+003,4.673952e-002
2.718700e+003,4.682606e-002
2.719183e+003,4.691434e-002
2.719665e+003,4.700630e-002
2.720147e+003,4.710214e-002
2.720629e+003,4.720187e-002
2.721111e+003,4.730247e-002
2.721593e+003,4.740135e-002
2.722075e+003,4.749499e-002
2.722557e+003,4.758313e-002
2.723040e+003,4.766670e-002
2.723522e+003,4.774899e-002
2.724004e+003,4.783357e-002
2.724486e+003,4.792334e-002
2.724968e+003,4.801804e-002
2.725450e+003,4.811589e-002
2.725932e+003,4.821358e-002
2.726414e+003,4.830868e-002
2.726896e+003,4.839891e-002
2.727379e+003,4.848485e-002
2.727861e+003,4.856801e-002
2.728343e+003,4.865080e-002
2.728825e+003,4.873459e-002
2.729307e+003,4.881990e-002
2.729789e+003,4.890638e-002
2.730271e+003,4.899232e-002
2.730753e+003,4.907651e-002
2.731236e+003,4.915676e-002
2.731718e+003,4.923261e-002
2.732200e+003,4.930387e-002
2.732682e+003,4.937034e-002
2.733164e+003,4.943352e-002
2.733646e+003,4.949464e-002
2.734128e+003,4.955665e-002
2.734611e+003,4.962131e-002
2.735093e+003,4.969054e-002
2.735575e+003,4.976375e-002
2.736057e+003,4.983917e-002
2.736539e+003,4.991340e-002
2.737021e+003,4.998272e-002
2.737503e+003,5.004479e-002
2.737985e+003,5.009986e-002
2.738468e+003,5.015033e-002
2.738950e+003,5.019997e-002
2.739432e+003,5.025254e-002
2.739914e+003,5.031016e-002
2.740396e+003,5.037243e-002
2.740878e+003,5.043691e-002
2.741360e+003,5.049981e-002
2.741842e+003,5.055891e-002
2.742324e+003,5.061293e-002
2.742807e+003,5.066289e-002
2.743289e+003,5.071117e-002
2.743771e+003,5.076002e-002
2.744253e+003,5.081192e-002
2.744735e+003,5.086725e-002
2.745217e+003,5.092641e-002
2.745699e+003,5.098843e-002
2.746182e+003,5.105418e-002
2.746664e+003,5.112327e-002
2.747146e+003,5.119580e-002
2.747628e+003,5.127056e-002
2.748110e+003,5.134542e-002
2.748592e+003,5.141785e-002
2.749074e+003,5.148459e-002
2.749556e+003,5.154489e-002
2.750039e+003,5.159931e-002
2.750521e+003,5.165070e-002
2.751003e+003,5.170297e-002
2.751485e+003,5.175886e-002
2.751967e+003,5.182050e-002
2.752449e+003,5.188778e-002
2.752931e+003,5.195859e-002
2.753413e+003,5.203144e-002
2.753896e+003,5.210489e-002
2.754378e+003,5.217864e-002
2.754860e+003,5.225281e-002
2.755342e+003,5.232842e-002
2.755824e+003,5.240597e-002
2.756306e+003,5.248481e-002
2.756788e+003,5.256442e-002
2.757270e+003,5.264378e-002
2.757752e+003,5.272231e-002
2.758235e+003,5.280105e-002
2.758717e+003,5.288031e-002
2.759199e+003,5.296149e-002
2.759681e+003,5.304520e-002
2.760163e+003,5.313161e-002
2.760645e+003,5.322006e-002
2.761127e+003,5.331105e-002
2.761610e+003,5.340435e-002
2.762092e+003,5.349979e-002
2.762574e+003,5.359652e-002
2.763056e+003,5.369385e-002
2.763538e+003,5.378969e-002
2.764020e+003,5.388212e-002
2.764502e+003,5.396970e-002
2.764984e+003,5.405261e-002
2.765467e+003,5.413239e-002
2.765949e+003,5.421269e-002
2.766431e+003,5.429645e-002
2.766913e+003,5.438639e-002
2.767395e+003,5.448289e-002
2.767877e+003,5.458509e-002
2.768359e+003,5.469050e-002
2.768841e+003,5.479709e-002
2.769323e+003,5.490296e-002
2.769806e+003,5.500839e-002
2.770288e+003,5.511424e-002
2.770770e+003,5.522150e-002
2.771252e+003,5.533186e-002
2.771734e+003,5.544639e-002
2.772216e+003,5.556474e-002
2.772698e+003,5.568774e-002
2.773180e+003,5.581522e-002
2.773663e+003,5.594767e-002
2.774145e+003,5.608411e-002
2.774627e+003,5.622350e-002
2.775109e+003,5.636431e-002
2.775591e+003,5.650362e-002
2.776073e+003,5.664002e-002
2.776555e+003,5.677367e-002
2.777038e+003,5.690612e-002
2.777520e+003,5.704075e-002
2.778002e+003,5.718161e-002
2.778484e+003,5.733142e-002
2.778966e+003,5.749152e-002
2.779448e+003,5.766097e-002
2.779930e+003,5.783688e-002
2.780412e+003,5.801692e-002
2.780895e+003,5.819860e-002
2.781377e+003,5.838219e-002
2.781859e+003,5.856792e-002
2.782341e+003,5.875836e-002
2.782823e+003,5.895479e-002
2.783305e+003,5.915773e-002
2.783787e+003,5.936733e-002
2.784269e+003,5.958151e-002
2.784751e+003,5.979918e-002
2.785234e+003,6.001811e-002
2.785716e+003,6.023872e-002
2.786198e+003,6.045981e-002
2.786680e+003,6.068189e-002
2.787162e+003,6.090594e-002
2.787644e+003,6.113270e-002
2.788126e+003,6.136328e-002
2.788608e+003,6.159864e-002
2.789091e+003,6.183821e-002
2.789573e+003,6.208140e-002
2.790055e+003,6.232607e-002
2.790537e+003,6.257030e-002
2.791019e+003,6.281249e-002
2.791501e+003,6.305160e-002
2.791983e+003,6.328928e-002
2.792466e+003,6.352755e-002
2.792948e+003,6.377045e-002
2.793430e+003,6.401981e-002
2.793912e+003,6.427748e-002
2.794394e+003,6.454351e-002
2.794876e+003,6.481680e-002
2.795358e+003,6.509620e-002
2.795840e+003,6.538104e-002
2.796323e+003,6.567189e-002
2.796805e+003,6.596928e-002
2.797287e+003,6.627347e-002
2.797769e+003,6.658362e-002
2.798251e+003,6.689738e-002
2.798733e+003,6.721190e-002
2.799215e+003,6.752504e-002
2.799697e+003,6.783648e-002
2.800179e+003,6.814878e-002
2.800662e+003,6.846541e-002
2.801144e+003,6.878967e-002
2.801626e+003,6.912404e-002
2.802108e+003,6.946795e-002
2.802590e+003,6.981952e-002
2.803072e+003,7.017644e-002
2.803554e+003,7.053711e-002
2.804036e+003,7.090215e-002
2.804519e+003,7.127380e-002
2.805001e+003,7.165484e-002
2.805483e+003,7.204827e-002
2.805965e+003,7.245328e-002
2.806447e+003,7.286803e-002
2.806929e+003,7.328948e-002
2.807411e+003,7.371487e-002
2.807894e+003,7.414340e-002
2.808375e+003,7.457656e-002
2.808858e+003,7.501813e-002
2.809340e+003,7.547169e-002
2.809822e+003,7.594062e-002
2.810304e+003,7.642554e-002
2.810786e+003,7.692696e-002
2.811268e+003,7.744343e-002
2.811750e+003,7.797431e-002
2.812233e+003,7.851928e-002
2.812715e+003,7.907829e-002
2.813197e+003,7.965096e-002
2.813679e+003,8.023602e-002
2.814161e+003,8.083122e-002
2.814643e+003,8.143526e-002
2.815125e+003,8.204837e-002
2.815607e+003,8.267205e-002
2.816090e+003,8.331153e-002
2.816572e+003,8.397185e-002
2.817054e+003,8.465792e-002
2.817536e+003,8.537242e-002
2.818018e+003,8.611572e-002
2.818500e+003,8.688636e-002
2.818982e+003,8.768272e-002
2.819464e+003,8.850505e-002
2.819947e+003,8.935511e-002
2.820429e+003,9.023733e-002
2.820911e+003,9.115570e-002
2.821393e+003,9.211425e-002
2.821875e+003,9.311479e-002
2.822357e+003,9.415827e-002
2.822839e+003,9.524544e-002
2.823322e+003,9.637851e-002
2.823803e+003,9.756224e-002
2.824286e+003,9.880162e-002
2.824768e+003,1.001031e-001
2.825250e+003,1.014722e-001
2.825732e+003,1.029118e-001
2.826214e+003,1.044244e-001
2.826696e+003,1.060121e-001
2.827178e+003,1.076787e-001
2.827661e+003,1.094316e-001
2.828143e+003,1.112807e-001
2.828625e+003,1.132386e-001
2.829107e+003,1.153191e-001
2.829589e+003,1.175348e-001
2.830071e+003,1.198986e-001
2.830553e+003,1.224233e-001
2.831035e+003,1.251227e-001
2.831518e+003,1.280134e-001
2.832000e+003,1.311139e-001
2.832482e+003,1.344464e-001
2.832964e+003,1.380346e-001
2.833446e+003,1.419042e-001
2.833928e+003,1.460820e-001
2.834410e+003,1.505978e-001
2.834892e+003,1.554845e-001
2.835375e+003,1.607782e-001
2.835857e+003,1.665194e-001
2.836339e+003,1.727507e-001
2.836821e+003,1.795179e-001
2.837303e+003,1.868694e-001
2.837785e+003,1.948574e-001
2.838267e+003,2.035375e-001
2.838750e+003,2.129721e-001
2.839231e+003,2.232237e-001
2.839714e+003,2.343547e-001
2.840196e+003,2.464192e-001
2.840678e+003,2.594570e-001
2.841160e+003,2.734875e-001
2.841642e+003,2.885051e-001
2.842124e+003,3.044756e-001
2.842606e+003,3.213281e-001
2.843089e+003,3.389471e-001
2.843571e+003,3.571537e-001
2.844053e+003,3.756878e-001
2.844535e+003,3.941879e-001
2.845017e+003,4.121830e-001
2.845499e+003,4.290990e-001
2.845981e+003,4.442897e-001
2.846463e+003,4.570878e-001
2.846946e+003,4.668769e-001
2.847428e+003,4.731660e-001
2.847910e+003,4.756599e-001
2.848392e+003,4.743038e-001
2.848874e+003,4.692999e-001
2.849356e+003,4.610814e-001
2.849838e+003,4.502568e-001
2.850320e+003,4.375241e-001
2.850802e+003,4.235868e-001
2.851285e+003,4.090717e-001
2.851767e+003,3.944822e-001
2.852249e+003,3.801750e-001
2.852731e+003,3.663693e-001
2.853213e+003,3.531727e-001
2.853695e+003,3.406167e-001
2.854177e+003,3.286873e-001
2.854659e+003,3.173515e-001
2.855142e+003,3.065694e-001
2.855624e+003,2.963026e-001
2.856106e+003,2.865166e-001
2.856588e+003,2.771829e-001
2.857070e+003,2.682816e-001
2.857552e+003,2.598011e-001
2.858034e+003,2.517387e-001
2.858517e+003,2.440982e-001
2.858999e+003,2.368845e-001
2.859481e+003,2.301013e-001
2.859963e+003,2.237464e-001
2.860445e+003,2.178144e-001
2.860927e+003,2.122971e-001
2.861409e+003,2.071866e-001
2.861891e+003,2.024771e-001
2.862374e+003,1.981657e-001
2.862856e+003,1.942496e-001
2.863338e+003,1.907258e-001
2.863820e+003,1.875879e-001
2.864302e+003,1.848284e-001
2.864784e+003,1.824360e-001
2.865266e+003,1.803995e-001
2.865748e+003,1.787052e-001
2.866230e+003,1.773380e-001
2.866713e+003,1.762774e-001
2.867195e+003,1.754988e-001
2.867677e+003,1.749709e-001
2.868159e+003,1.746586e-001
2.868641e+003,1.745244e-001
2.869123e+003,1.745330e-001
2.869605e+003,1.746525e-001
2.870088e+003,1.748549e-001
2.870570e+003,1.751174e-001
2.871052e+003,1.754200e-001
2.871534e+003,1.757472e-001
2.872016e+003,1.760902e-001
2.872498e+003,1.764472e-001
2.872980e+003,1.768260e-001
2.873462e+003,1.772439e-001
2.873945e+003,1.777255e-001
2.874427e+003,1.782974e-001
2.874909e+003,1.789850e-001
2.875391e+003,1.798092e-001
2.875873e+003,1.807839e-001
2.876355e+003,1.819172e-001
2.876837e+003,1.832143e-001
2.877319e+003,1.846768e-001
2.877802e+003,1.863055e-001
2.878284e+003,1.880985e-001
2.878766e+003,1.900503e-001
2.879248e+003,1.921518e-001
2.879730e+003,1.943908e-001
2.880212e+003,1.967544e-001
2.880694e+003,1.992317e-001
2.881176e+003,2.018162e-001
2.881658e+003,2.045040e-001
2.882141e+003,2.072931e-001
2.882623e+003,2.101818e-001
2.883105e+003,2.131663e-001
2.883587e+003,2.162394e-001
2.884069e+003,2.193942e-001
2.884551e+003,2.226252e-001
2.885033e+003,2.259284e-001
2.885516e+003,2.293026e-001
2.885998e+003,2.327462e-001
2.886480e+003,2.362556e-001
2.886962e+003,2.398239e-001
2.887444e+003,2.434399e-001
2.887926e+003,2.470918e-001
2.888408e+003,2.507689e-001
2.888890e+003,2.544647e-001
2.889373e+003,2.581762e-001
2.889855e+003,2.619014e-001
2.890337e+003,2.656381e-001
2.890819e+003,2.693805e-001
2.891301e+003,2.731212e-001
2.891783e+003,2.768519e-001
2.892265e+003,2.805676e-001
2.892747e+003,2.842679e-001
2.893229e+003,2.879568e-001
2.893712e+003,2.916406e-001
2.894194e+003,2.953259e-001
2.894676e+003,2.990158e-001
2.895158e+003,3.027126e-001
2.895640e+003,3.064184e-001
2.896122e+003,3.101390e-001
2.896604e+003,3.138844e-001
2.897086e+003,3.176705e-001
2.897569e+003,3.215141e-001
2.898051e+003,3.254312e-001
2.898533e+003,3.294337e-001
2.899015e+003,3.335316e-001
2.899497e+003,3.377346e-001
2.899979e+003,3.420574e-001
2.900461e+003,3.465202e-001
2.900944e+003,3.511487e-001
2.901426e+003,3.559734e-001
2.901908e+003,3.610216e-001
2.902390e+003,3.663203e-001
2.902872e+003,3.718919e-001
2.903354e+003,3.777592e-001
2.903836e+003,3.839472e-001
2.904318e+003,3.904854e-001
2.904801e+003,3.974071e-001
2.905283e+003,4.047433e-001
2.905765e+003,4.125199e-001
2.906247e+003,4.207534e-001
2.906729e+003,4.294503e-001
2.907211e+003,4.386101e-001
2.907693e+003,4.482257e-001
2.908175e+003,4.582830e-001
2.908657e+003,4.687586e-001
2.909140e+003,4.796082e-001
2.909622e+003,4.907608e-001
2.910104e+003,5.021108e-001
2.910586e+003,5.135219e-001
2.911068e+003,5.248281e-001
2.911550e+003,5.358467e-001
2.912032e+003,5.463834e-001
2.912514e+003,5.562400e-001
2.912997e+003,5.652148e-001
2.913479e+003,5.731065e-001
2.913961e+003,5.797209e-001
2.914443e+003,5.848842e-001
2.914925e+003,5.884616e-001
2.915407e+003,5.903769e-001
2.915889e+003,5.906206e-001
2.916372e+003,5.892510e-001
2.916854e+003,5.863822e-001
2.917336e+003,5.821665e-001
2.917818e+003,5.767749e-001
2.918300e+003,5.703845e-001
2.918782e+003,5.631713e-001
2.919264e+003,5.553047e-001
2.919746e+003,5.469434e-001
2.920229e+003,5.382323e-001
2.920711e+003,5.292938e-001
2.921193e+003,5.202252e-001
2.921675e+003,5.110973e-001
2.922157e+003,5.019594e-001
2.922639e+003,4.928489e-001
2.923121e+003,4.837959e-001
2.923603e+003,4.748283e-001
2.924085e+003,4.659716e-001
2.924568e+003,4.572429e-001
2.925050e+003,4.486482e-001
2.925532e+003,4.401810e-001
2.926014e+003,4.318274e-001
2.926496e+003,4.235705e-001
2.926978e+003,4.153991e-001
2.927460e+003,4.073103e-001
2.927942e+003,3.993084e-001
2.928425e+003,3.913996e-001
2.928907e+003,3.835886e-001
2.929389e+003,3.758744e-001
2.929871e+003,3.682527e-001
2.930353e+003,3.607189e-001
2.930835e+003,3.532727e-001
2.931317e+003,3.459211e-001
2.931800e+003,3.386752e-001
2.932281e+003,3.315480e-001
2.932764e+003,3.245481e-001
2.933246e+003,3.176787e-001
2.933728e+003,3.109383e-001
2.934210e+003,3.043241e-001
2.934692e+003,2.978363e-001
2.935174e+003,2.914803e-001
2.935656e+003,2.852666e-001
2.936139e+003,2.792070e-001
2.936621e+003,2.733106e-001
2.937103e+003,2.675812e-001
2.937585e+003,2.620171e-001
2.938067e+003,2.566139e-001
2.938549e+003,2.513668e-001
2.939031e+003,2.462740e-001
2.939513e+003,2.413391e-001
2.939996e+003,2.365670e-001
2.940478e+003,2.319636e-001
2.940960e+003,2.275342e-001
2.941442e+003,2.232818e-001
2.941924e+003,2.192079e-001
2.942406e+003,2.153153e-001
2.942888e+003,2.116072e-001
2.943370e+003,2.080881e-001
2.943853e+003,2.047613e-001
2.944335e+003,2.016297e-001
2.944817e+003,1.986925e-001
2.945299e+003,1.959472e-001
2.945781e+003,1.933904e-001
2.946263e+003,1.910195e-001
2.946745e+003,1.888330e-001
2.947228e+003,1.868288e-001
2.947709e+003,1.850046e-001
2.948192e+003,1.833539e-001
2.948674e+003,1.818653e-001
2.949156e+003,1.805229e-001
2.949638e+003,1.793079e-001
2.950120e+003,1.781992e-001
2.950602e+003,1.771772e-001
2.951084e+003,1.762222e-001
2.951567e+003,1.753149e-001
2.952049e+003,1.744356e-001
2.952531e+003,1.735645e-001
2.953013e+003,1.726829e-001
2.953495e+003,1.717739e-001
2.953977e+003,1.708259e-001
2.954459e+003,1.698315e-001
2.954941e+003,1.687882e-001
2.955424e+003,1.676942e-001
2.955906e+003,1.665483e-001
2.956388e+003,1.653477e-001
2.956870e+003,1.640889e-001
2.957352e+003,1.627696e-001
2.957834e+003,1.613889e-001
2.958316e+003,1.599514e-001
2.958798e+003,1.584626e-001
2.959281e+003,1.569290e-001
2.959763e+003,1.553567e-001
2.960245e+003,1.537475e-001
2.960727e+003,1.521016e-001
2.961209e+003,1.504187e-001
2.961691e+003,1.487000e-001
2.962173e+003,1.469501e-001
2.962656e+003,1.451760e-001
2.963137e+003,1.433877e-001
2.963620e+003,1.415939e-001
2.964102e+003,1.398030e-001
2.964584e+003,1.380212e-001
2.965066e+003,1.362534e-001
2.965548e+003,1.345057e-001
2.966030e+003,1.327829e-001
2.966512e+003,1.310908e-001
2.966995e+003,1.294339e-001
2.967477e+003,1.278144e-001
2.967959e+003,1.262318e-001
2.968441e+003,1.246848e-001
2.968923e+003,1.231714e-001
2.969405e+003,1.216922e-001
2.969887e+003,1.202502e-001
2.970369e+003,1.188506e-001
2.970852e+003,1.174988e-001
2.971334e+003,1.161986e-001
2.971816e+003,1.149508e-001
2.972298e+003,1.137547e-001
2.972780e+003,1.126060e-001
2.973262e+003,1.115014e-001
2.973744e+003,1.104376e-001
2.974226e+003,1.094132e-001
2.974708e+003,1.084269e-001
2.975191e+003,1.074762e-001
2.975673e+003,1.065595e-001
2.976155e+003,1.056740e-001
2.976637e+003,1.048168e-001
2.977119e+003,1.039878e-001
2.977601e+003,1.031875e-001
2.978083e+003,1.024172e-001
2.978565e+003,1.016780e-001
2.979048e+003,1.009703e-001
2.979530e+003,1.002911e-001
2.980012e+003,9.963648e-002
2.980494e+003,9.900194e-002
2.980976e+003,9.838509e-002
2.981458e+003,9.778538e-002
2.981940e+003,9.720517e-002
2.982423e+003,9.664653e-002
2.982905e+003,9.611268e-002
2.983387e+003,9.560365e-002
2.983869e+003,9.511860e-002
2.984351e+003,9.465552e-002
2.984833e+003,9.421265e-002
2.985315e+003,9.378865e-002
2.985797e+003,9.338461e-002
2.986280e+003,9.300108e-002
2.986762e+003,9.264043e-002
2.987244e+003,9.230313e-002
2.987726e+003,9.198973e-002
2.988208e+003,9.169924e-002
2.988690e+003,9.143243e-002
2.989172e+003,9.118908e-002
2.989654e+003,9.096990e-002
2.990136e+003,9.077556e-002
2.990619e+003,9.060660e-002
2.991101e+003,9.046265e-002
2.991583e+003,9.034421e-002
2.992065e+003,9.025195e-002
2.992547e+003,9.018794e-002
2.993029e+003,9.015559e-002
2.993511e+003,9.015779e-002
2.993994e+003,9.019432e-002
2.994476e+003,9.026382e-002
2.994958e+003,9.036143e-002
2.995440e+003,9.048164e-002
2.995922e+003,9.061975e-002
2.996404e+003,9.077368e-002
2.996886e+003,9.094353e-002
2.997368e+003,9.113230e-002
2.997851e+003,9.134077e-002
2.998333e+003,9.156891e-002
2.998815e+003,9.181307e-002
2.999297e+003,9.206586e-002
2.999779e+003,9.231953e-002
3.000261e+003,9.256789e-002
3.000743e+003,9.280598e-002
3.001225e+003,9.303275e-002
3.001708e+003,9.324790e-002
3.002190e+003,9.345116e-002
3.002672e+003,9.364169e-002
3.003154e+003,9.381699e-002
3.003636e+003,9.397418e-002
3.004118e+003,9.411168e-002
3.004600e+003,9.422853e-002
3.005082e+003,9.432500e-002
3.005564e+003,9.440126e-002
3.006047e+003,9.445579e-002
3.006529e+003,9.448498e-002
3.007011e+003,9.448502e-002
3.007493e+003,9.445208e-002
3.007975e+003,9.438632e-002
3.008457e+003,9.429034e-002
3.008939e+003,9.417012e-002
3.009422e+003,9.403186e-002
3.009904e+003,9.388137e-002
3.010386e+003,9.372064e-002
3.010868e+003,9.354961e-002
3.011350e+003,9.336687e-002
3.011832e+003,9.317283e-002
3.012314e+003,9.296997e-002
3.012796e+003,9.276376e-002
3.013279e+003,9.256009e-002
3.013761e+003,9.236486e-002
3.014243e+003,9.218051e-002
3.014725e+003,9.200791e-002
3.015207e+003,9.184516e-002
3.015689e+003,9.169136e-002
3.016171e+003,9.154633e-002
3.016653e+003,9.141143e-002
3.017135e+003,9.128906e-002
3.017618e+003,9.118026e-002
3.018100e+003,9.108505e-002
3.018582e+003,9.100217e-002
3.019064e+003,9.092952e-002
3.019546e+003,9.086844e-002
3.020028e+003,9.082065e-002
3.020510e+003,9.079138e-002
3.020992e+003,9.078614e-002
3.021475e+003,9.080835e-002
3.021957e+003,9.085856e-002
3.022439e+003,9.093285e-002
3.022921e+003,9.102475e-002
3.023403e+003,9.112753e-002
3.023885e+003,9.123507e-002
3.024367e+003,9.134457e-002
3.024850e+003,9.145627e-002
3.025332e+003,9.157090e-002
3.025814e+003,9.169094e-002
3.026296e+003,9.181868e-002
3.026778e+003,9.195537e-002
3.027260e+003,9.210267e-002
3.027742e+003,9.226153e-002
3.028224e+003,9.243369e-002
3.028707e+003,9.261842e-002
3.029189e+003,9.281484e-002
3.029671e+003,9.301966e-002
3.030153e+003,9.322876e-002
3.030635e+003,9.343740e-002
3.031117e+003,9.364422e-002
3.031599e+003,9.384884e-002
3.032081e+003,9.405334e-002
3.032563e+003,9.426117e-002
3.033046e+003,9.447534e-002
3.033528e+003,9.469707e-002
3.034010e+003,9.492795e-002
3.034492e+003,9.516716e-002
3.034974e+003,9.541547e-002
3.035456e+003,9.567402e-002
3.035938e+003,9.594300e-002
3.036420e+003,9.622175e-002
3.036903e+003,9.650852e-002
3.037385e+003,9.679783e-002
3.037867e+003,9.708574e-002
3.038349e+003,9.736743e-002
3.038831e+003,9.764296e-002
3.039313e+003,9.791351e-002
3.039795e+003,9.818410e-002
3.040278e+003,9.845892e-002
3.040760e+003,9.874097e-002
3.041242e+003,9.902856e-002
3.041724e+003,9.931923e-002
3.042206e+003,9.960908e-002
3.042688e+003,9.989503e-002
3.043170e+003,1.001774e-001
3.043652e+003,1.004594e-001
3.044135e+003,1.007446e-001
3.044617e+003,1.010366e-001
3.045099e+003,1.013351e-001
3.045581e+003,1.016399e-001
3.046063e+003,1.019477e-001
3.046545e+003,1.022571e-001
3.047027e+003,1.025678e-001
3.047509e+003,1.028818e-001
3.047991e+003,1.032024e-001
3.048474e+003,1.035310e-001
3.048956e+003,1.038673e-001
3.049438e+003,1.042092e-001
3.049920e+003,1.045529e-001
3.050402e+003,1.048961e-001
3.050884e+003,1.052385e-001
3.051366e+003,1.055813e-001
3.051848e+003,1.059276e-001
3.052331e+003,1.062794e-001
3.052813e+003,1.066372e-001
3.053295e+003,1.070001e-001
3.053777e+003,1.073649e-001
3.054259e+003,1.077305e-001
3.054741e+003,1.080960e-001
3.055223e+003,1.084620e-001
3.055706e+003,1.088302e-001
3.056188e+003,1.092010e-001
3.056670e+003,1.095740e-001
3.057152e+003,1.099478e-001
3.057634e+003,1.103208e-001
3.058116e+003,1.106928e-001
3.058598e+003,1.110646e-001
3.059080e+003,1.114396e-001
3.059563e+003,1.118188e-001
3.060045e+003,1.122045e-001
3.060527e+003,1.125959e-001
3.061009e+003,1.129926e-001
3.061491e+003,1.133935e-001
3.061973e+003,1.137989e-001
3.062455e+003,1.142092e-001
3.062937e+003,1.146253e-001
3.063419e+003,1.150457e-001
3.063902e+003,1.154663e-001
3.064384e+003,1.158809e-001
3.064866e+003,1.162832e-001
3.065348e+003,1.166696e-001
3.065830e+003,1.170421e-001
3.066312e+003,1.174074e-001
3.066794e+003,1.177752e-001
3.067276e+003,1.181544e-001
3.067759e+003,1.185492e-001
3.068241e+003,1.189586e-001
3.068723e+003,1.193770e-001
3.069205e+003,1.197966e-001
3.069687e+003,1.202119e-001
3.070169e+003,1.206213e-001
3.070651e+003,1.210275e-001
3.071134e+003,1.214350e-001
3.071615e+003,1.218473e-001
3.072098e+003,1.222655e-001
3.072580e+003,1.226875e-001
3.073062e+003,1.231090e-001
3.073544e+003,1.235273e-001
3.074026e+003,1.239414e-001
3.074508e+003,1.243526e-001
3.074990e+003,1.247636e-001
3.075473e+003,1.251772e-001
3.075955e+003,1.255938e-001
3.076437e+003,1.260120e-001
3.076919e+003,1.264306e-001
3.077401e+003,1.268496e-001
3.077883e+003,1.272711e-001
3.078365e+003,1.276981e-001
3.078847e+003,1.281336e-001
3.079330e+003,1.285778e-001
3.079812e+003,1.290282e-001
3.080294e+003,1.294794e-001
3.080776e+003,1.299254e-001
3.081258e+003,1.303636e-001
3.081740e+003,1.307945e-001
3.082222e+003,1.312215e-001
3.082704e+003,1.316498e-001
3.083187e+003,1.320835e-001
3.083669e+003,1.325240e-001
3.084151e+003,1.329706e-001
3.084633e+003,1.334219e-001
3.085115e+003,1.338779e-001
3.085597e+003,1.343397e-001
3.086079e+003,1.348102e-001
3.086562e+003,1.352915e-001
3.087043e+003,1.357817e-001
3.087526e+003,1.362756e-001
3.088008e+003,1.367662e-001
3.088490e+003,1.372450e-001
3.088972e+003,1.377106e-001
3.089454e+003,1.381633e-001
3.089936e+003,1.386102e-001
3.090418e+003,1.390599e-001
3.090901e+003,1.395177e-001
3.091383e+003,1.399869e-001
3.091865e+003,1.404652e-001
3.092347e+003,1.409488e-001
3.092829e+003,1.414334e-001
3.093311e+003,1.419177e-001
3.093793e+003,1.424032e-001
3.094275e+003,1.428929e-001
3.094758e+003,1.433883e-001
3.095240e+003,1.438892e-001
3.095722e+003,1.443933e-001
3.096204e+003,1.448970e-001
3.096686e+003,1.453987e-001
3.097168e+003,1.458997e-001
3.097650e+003,1.464028e-001
3.098132e+003,1.469118e-001
3.098615e+003,1.474279e-001
3.099097e+003,1.479498e-001
3.099579e+003,1.484735e-001
3.100061e+003,1.489945e-001
3.100543e+003,1.495104e-001
3.101025e+003,1.500224e-001
3.101507e+003,1.505342e-001
3.101990e+003,1.510511e-001
3.102471e+003,1.515752e-001
3.102954e+003,1.521059e-001
3.103436e+003,1.526403e-001
3.103918e+003,1.531742e-001
3.104400e+003,1.537071e-001
3.104882e+003,1.542396e-001
3.105364e+003,1.547768e-001
3.105846e+003,1.553219e-001
3.106329e+003,1.558775e-001
3.106811e+003,1.564405e-001
3.107293e+003,1.570051e-001
3.107775e+003,1.575654e-001
3.108257e+003,1.581176e-001
3.108739e+003,1.586627e-001
3.109221e+003,1.592057e-001
3.109703e+003,1.597534e-001
3.110186e+003,1.603105e-001
3.110668e+003,1.608781e-001
3.111150e+003,1.614535e-001
3.111632e+003,1.620315e-001
3.112114e+003,1.626077e-001
3.112596e+003,1.631811e-001
3.113078e+003,1.637523e-001
3.113560e+003,1.643245e-001
3.114042e+003,1.649006e-001
3.114525e+003,1.654800e-001
3.115007e+003,1.660616e-001
3.115489e+003,1.666426e-001
3.115971e+003,1.672224e-001
3.116453e+003,1.678013e-001
3.116935e+003,1.683817e-001
3.117417e+003,1.689653e-001
3.117900e+003,1.695527e-001
3.118382e+003,1.701425e-001
3.118864e+003,1.707318e-001
3.119346e+003,1.713211e-001
3.119828e+003,1.719131e-001
3.120310e+003,1.725129e-001
3.120792e+003,1.731275e-001
3.121274e+003,1.737597e-001
3.121757e+003,1.744063e-001
3.122239e+003,1.750591e-001
3.122721e+003,1.757072e-001
3.123203e+003,1.763406e-001
3.123685e+003,1.769571e-001
3.124167e+003,1.775606e-001
3.124649e+003,1.781616e-001
3.125131e+003,1.787700e-001
3.125614e+003,1.793931e-001
3.126096e+003,1.800310e-001
3.126578e+003,1.806769e-001
3.127060e+003,1.813232e-001
3.127542e+003,1.819639e-001
3.128024e+003,1.825985e-001
3.128506e+003,1.832309e-001
3.128988e+003,1.838672e-001
3.129470e+003,1.845112e-001
3.129953e+003,1.851633e-001
3.130435e+003,1.858203e-001
3.130917e+003,1.864769e-001
3.131399e+003,1.871311e-001
3.131881e+003,1.877843e-001
3.132363e+003,1.884411e-001
3.132845e+003,1.891072e-001
3.133328e+003,1.897854e-001
3.133810e+003,1.904738e-001
3.134292e+003,1.911664e-001
3.134774e+003,1.918565e-001
3.135256e+003,1.925403e-001
3.135738e+003,1.932176e-001
3.136220e+003,1.938928e-001
3.136702e+003,1.945692e-001
3.137185e+003,1.952487e-001
3.137667e+003,1.959276e-001
3.138149e+003,1.966010e-001
3.138631e+003,1.972623e-001
3.139113e+003,1.979110e-001
3.139595e+003,1.985521e-001
3.140077e+003,1.991941e-001
3.140559e+003,1.998474e-001
3.141042e+003,2.005175e-001
3.141524e+003,2.012046e-001
3.142006e+003,2.019032e-001
3.142488e+003,2.026059e-001
3.142970e+003,2.033077e-001
3.143452e+003,2.040079e-001
3.143934e+003,2.047102e-001
3.144417e+003,2.054192e-001
3.144898e+003,2.061375e-001
3.145381e+003,2.068617e-001
3.145863e+003,2.075865e-001
3.146345e+003,2.083043e-001
3.146827e+003,2.090121e-001
3.147309e+003,2.097102e-001
3.147791e+003,2.104049e-001
3.148273e+003,2.111021e-001
3.148756e+003,2.118060e-001
3.149238e+003,2.125144e-001
3.149720e+003,2.132232e-001
3.150202e+003,2.139271e-001
3.150684e+003,2.146246e-001
3.151166e+003,2.153189e-001
3.151648e+003,2.160181e-001
3.152130e+003,2.167292e-001
3.152613e+003,2.174568e-001
3.153095e+003,2.181988e-001
3.153577e+003,2.189482e-001
3.154059e+003,2.196963e-001
3.154541e+003,2.204389e-001
3.155023e+003,2.211750e-001
3.155505e+003,2.219087e-001
3.155987e+003,2.226445e-001
3.156469e+003,2.233838e-001
3.156952e+003,2.241235e-001
3.157434e+003,2.248584e-001
3.157916e+003,2.255826e-001
3.158398e+003,2.262956e-001
3.158880e+003,2.270029e-001
3.159362e+003,2.277139e-001
3.159844e+003,2.284374e-001
3.160326e+003,2.291764e-001
3.160809e+003,2.299273e-001
3.161291e+003,2.306811e-001
3.161773e+003,2.314273e-001
3.162255e+003,2.321608e-001
3.162737e+003,2.328833e-001
3.163219e+003,2.336023e-001
3.163701e+003,2.343272e-001
3.164184e+003,2.350633e-001
3.164666e+003,2.358090e-001
3.165148e+003,2.365585e-001
3.165630e+003,2.373029e-001
3.166112e+003,2.380389e-001
3.166594e+003,2.387684e-001
3.167076e+003,2.394994e-001
3.167558e+003,2.402410e-001
3.168041e+003,2.409987e-001
3.168523e+003,2.417700e-001
3.169005e+003,2.425464e-001
3.169487e+003,2.433171e-001
3.169969e+003,2.440735e-001
3.170451e+003,2.448140e-001
3.170933e+003,2.455429e-001
3.171415e+003,2.462677e-001
3.171897e+003,2.469952e-001
3.172380e+003,2.477269e-001
3.172862e+003,2.484608e-001
3.173344e+003,2.491928e-001
3.173826e+003,2.499219e-001
3.174308e+003,2.506512e-001
3.174790e+003,2.513860e-001
3.175272e+003,2.521322e-001
3.175754e+003,2.528919e-001
3.176237e+003,2.536593e-001
3.176719e+003,2.544261e-001
3.177201e+003,2.551821e-001
3.177683e+003,2.559236e-001
3.178165e+003,2.566522e-001
3.178647e+003,2.573771e-001
3.179129e+003,2.581095e-001
3.179612e+003,2.588564e-001
3.180094e+003,2.596183e-001
3.180576e+003,2.603889e-001
3.181058e+003,2.611599e-001
3.181540e+003,2.619239e-001
3.182022e+003,2.626772e-001
3.182504e+003,2.634201e-001
3.182986e+003,2.641550e-001
3.183469e+003,2.648818e-001
3.183951e+003,2.655981e-001
3.184433e+003,2.663018e-001
3.184915e+003,2.669913e-001
3.185397e+003,2.676724e-001
3.185879e+003,2.683550e-001
3.186361e+003,2.690516e-001
3.186843e+003,2.697700e-001
3.187325e+003,2.705116e-001
3.187808e+003,2.712676e-001
3.188290e+003,2.720256e-001
3.188772e+003,2.727720e-001
3.189254e+003,2.735017e-001
3.189736e+003,2.742166e-001
3.190218e+003,2.749253e-001
3.190700e+003,2.756374e-001
3.191182e+003,2.763574e-001
3.191665e+003,2.770826e-001
3.192147e+003,2.778055e-001
3.192629e+003,2.785175e-001
3.193111e+003,2.792175e-001
3.193593e+003,2.799091e-001
3.194075e+003,2.806017e-001
3.194557e+003,2.813042e-001
3.195040e+003,2.820185e-001
3.195521e+003,2.827386e-001
3.196004e+003,2.834537e-001
3.196486e+003,2.841519e-001
3.196968e+003,2.848307e-001
3.197450e+003,2.854950e-001
3.197932e+003,2.861585e-001
3.198414e+003,2.868342e-001
3.198896e+003,2.875298e-001
3.199379e+003,2.882416e-001
3.199861e+003,2.889597e-001
3.200343e+003,2.896706e-001
3.200825e+003,2.903666e-001
3.201307e+003,2.910487e-001
3.201789e+003,2.917230e-001
3.202271e+003,2.923989e-001
3.202753e+003,2.930814e-001
3.203236e+003,2.937677e-001
3.203718e+003,2.944506e-001
3.204200e+003,2.951195e-001
3.204682e+003,2.957732e-001
3.205164e+003,2.964143e-001
3.205646e+003,2.970541e-001
3.206128e+003,2.977032e-001
3.206610e+003,2.983662e-001
3.207093e+003,2.990394e-001
3.207575e+003,2.997121e-001
3.208057e+003,3.003714e-001
3.208539e+003,3.010132e-001
3.209021e+003,3.016401e-001
3.209503e+003,3.022629e-001
3.209985e+003,3.028947e-001
3.210468e+003,3.035416e-001
3.210949e+003,3.042012e-001
3.211432e+003,3.048634e-001
3.211914e+003,3.055151e-001
3.212396e+003,3.061489e-001
3.212878e+003,3.067667e-001
3.213360e+003,3.073789e-001
3.213842e+003,3.079982e-001
3.214324e+003,3.086339e-001
3.214807e+003,3.092859e-001
3.215289e+003,3.099461e-001
3.215771e+003,3.106028e-001
3.216253e+003,3.112471e-001
3.216735e+003,3.118762e-001
3.217217e+003,3.124947e-001
3.217699e+003,3.131074e-001
3.218181e+003,3.137188e-001
3.218664e+003,3.143268e-001
3.219146e+003,3.149258e-001
3.219628e+003,3.155093e-001
3.220110e+003,3.160772e-001
3.220592e+003,3.166355e-001
3.221074e+003,3.171960e-001
3.221556e+003,3.177705e-001
3.222038e+003,3.183627e-001
3.222521e+003,3.189692e-001
3.223003e+003,3.195801e-001
3.223485e+003,3.201842e-001
3.223967e+003,3.207756e-001
3.224449e+003,3.213563e-001
3.224931e+003,3.219332e-001
3.225413e+003,3.225150e-001
3.225896e+003,3.231042e-001
3.226377e+003,3.236952e-001
3.226860e+003,3.242769e-001
3.227342e+003,3.248386e-001
3.227824e+003,3.253751e-001
3.228306e+003,3.258914e-001
3.228788e+003,3.263987e-001
3.229270e+003,3.269090e-001
3.229752e+003,3.274295e-001
3.230235e+003,3.279580e-001
3.230717e+003,3.284875e-001
3.231199e+003,3.290090e-001
3.231681e+003,3.295220e-001
3.232163e+003,3.300316e-001
3.232645e+003,3.305502e-001
3.233127e+003,3.310891e-001
3.233609e+003,3.316511e-001
3.234092e+003,3.322296e-001
3.234574e+003,3.328097e-001
3.235056e+003,3.333762e-001
3.235538e+003,3.339210e-001
3.236020e+003,3.344457e-001
3.236502e+003,3.349609e-001
3.236984e+003,3.354774e-001
3.237466e+003,3.360015e-001
3.237948e+003,3.365281e-001
3.238431e+003,3.370472e-001
3.238913e+003,3.375464e-001
3.239395e+003,3.380222e-001
3.239877e+003,3.384811e-001
3.240359e+003,3.389371e-001
3.240841e+003,3.394074e-001
3.241323e+003,3.398994e-001
3.241806e+003,3.404088e-001
3.242288e+003,3.409215e-001
3.242770e+003,3.414179e-001
3.243252e+003,3.418859e-001
3.243734e+003,3.423234e-001
3.244216e+003,3.427402e-001
3.244698e+003,3.431523e-001
3.245180e+003,3.435743e-001
3.245663e+003,3.440121e-001
3.246145e+003,3.444612e-001
3.246627e+003,3.449131e-001
3.247109e+003,3.453611e-001
3.247591e+003,3.458034e-001
3.248073e+003,3.462465e-001
3.248555e+003,3.466986e-001
3.249037e+003,3.471655e-001
3.249520e+003,3.476448e-001
3.250002e+003,3.481278e-001
3.250484e+003,3.486012e-001
3.250966e+003,3.490558e-001
3.251448e+003,3.494880e-001
3.251930e+003,3.499010e-001
3.252412e+003,3.503033e-001
3.252894e+003,3.507008e-001
3.253376e+003,3.510957e-001
3.253859e+003,3.514875e-001
3.254341e+003,3.518740e-001
3.254823e+003,3.522589e-001
3.255305e+003,3.526481e-001
3.255787e+003,3.530510e-001
3.256269e+003,3.534734e-001
3.256751e+003,3.539142e-001
3.257234e+003,3.543616e-001
3.257716e+003,3.547992e-001
3.258198e+003,3.552115e-001
3.258680e+003,3.555920e-001
3.259162e+003,3.559451e-001
3.259644e+003,3.562847e-001
3.260126e+003,3.566272e-001
3.260608e+003,3.569844e-001
3.261091e+003,3.573571e-001
3.261573e+003,3.577382e-001
3.262055e+003,3.581155e-001
3.262537e+003,3.584802e-001
3.263019e+003,3.588298e-001
3.263501e+003,3.591681e-001
3.263983e+003,3.595039e-001
3.264465e+003,3.598427e-001
3.264948e+003,3.601837e-001
3.265430e+003,3.605221e-001
3.265912e+003,3.608499e-001
3.266394e+003,3.611645e-001
3.266876e+003,3.614671e-001
3.267358e+003,3.617628e-001
3.267840e+003,3.620593e-001
3.268323e+003,3.623590e-001
3.268804e+003,3.626587e-001
3.269287e+003,3.629531e-001
3.269769e+003,3.632375e-001
3.270251e+003,3.635115e-001
3.270733e+003,3.637811e-001
3.271215e+003,3.640557e-001
3.271697e+003,3.643430e-001
3.272179e+003,3.646447e-001
3.272662e+003,3.649526e-001
3.273144e+003,3.652556e-001
3.273626e+003,3.655424e-001
3.274108e+003,3.658094e-001
3.274590e+003,3.660615e-001
3.275072e+003,3.663094e-001
3.275554e+003,3.665639e-001
3.276036e+003,3.668299e-001
3.276519e+003,3.671047e-001
3.277001e+003,3.673793e-001
3.277483e+003,3.676464e-001
3.277965e+003,3.679028e-001
3.278447e+003,3.681551e-001
3.278929e+003,3.684117e-001
3.279411e+003,3.686810e-001
3.279893e+003,3.689632e-001
3.280375e+003,3.692501e-001
3.280858e+003,3.695278e-001
3.281340e+003,3.697829e-001
3.281822e+003,3.700112e-001
3.282304e+003,3.702177e-001
3.282786e+003,3.704159e-001
3.283268e+003,3.706190e-001
3.283750e+003,3.708353e-001
3.284232e+003,3.710631e-001
3.284715e+003,3.712924e-001
3.285197e+003,3.715119e-001
3.285679e+003,3.717152e-001
3.286161e+003,3.719035e-001
3.286643e+003,3.720855e-001
3.287125e+003,3.722730e-001
3.287607e+003,3.724729e-001
3.288090e+003,3.726861e-001
3.288572e+003,3.729057e-001
3.289054e+003,3.731224e-001
3.289536e+003,3.733298e-001
3.290018e+003,3.735241e-001
3.290500e+003,3.737077e-001
3.290982e+003,3.738826e-001
3.291464e+003,3.740499e-001
3.291947e+003,3.742072e-001
3.292429e+003,3.743526e-001
3.292911e+003,3.744857e-001
3.293393e+003,3.746120e-001
3.293875e+003,3.747422e-001
3.294357e+003,3.748860e-001
3.294839e+003,3.750496e-001
3.295321e+003,3.752298e-001
3.295803e+003,3.754161e-001
3.296286e+003,3.755956e-001
3.296768e+003,3.757578e-001
3.297250e+003,3.759022e-001
3.297732e+003,3.760370e-001
3.298214e+003,3.761737e-001
3.298696e+003,3.763229e-001
3.299178e+003,3.764872e-001
3.299660e+003,3.766590e-001
3.300143e+003,3.768259e-001
3.300625e+003,3.769768e-001
3.301107e+003,3.771088e-001
3.301589e+003,3.772257e-001
3.302071e+003,3.773379e-001
3.302553e+003,3.774555e-001
3.303035e+003,3.775823e-001
3.303518e+003,3.777148e-001
3.304000e+003,3.778464e-001
3.304482e+003,3.779691e-001
3.304964e+003,3.780825e-001
3.305446e+003,3.781897e-001
3.305928e+003,3.782966e-001
3.306410e+003,3.784063e-001
3.306892e+003,3.785148e-001
3.307375e+003,3.786132e-001
3.307857e+003,3.786923e-001
3.308339e+003,3.787488e-001
3.308821e+003,3.787910e-001
3.309303e+003,3.788349e-001
3.309785e+003,3.788983e-001
3.310267e+003,3.789940e-001
3.310749e+003,3.791201e-001
3.311231e+003,3.792628e-001
3.311714e+003,3.794025e-001
3.312196e+003,3.795217e-001
3.312678e+003,3.796134e-001
3.313160e+003,3.796827e-001
3.313642e+003,3.797426e-001
3.314124e+003,3.798051e-001
3.314606e+003,3.798754e-001
3.315088e+003,3.799494e-001
3.315571e+003,3.800165e-001
3.316053e+003,3.800683e-001
3.316535e+003,3.801033e-001
3.317017e+003,3.801282e-001
3.317499e+003,3.801544e-001
3.317981e+003,3.801913e-001
3.318463e+003,3.802406e-001
3.318946e+003,3.802953e-001
3.319427e+003,3.803441e-001
3.319910e+003,3.803793e-001
3.320392e+003,3.804025e-001
3.320874e+003,3.804231e-001
3.321356e+003,3.804553e-001
3.321838e+003,3.805087e-001
3.322320e+003,3.805822e-001
3.322802e+003,3.806629e-001
3.323285e+003,3.807318e-001
3.323767e+003,3.807721e-001
3.324249e+003,3.807794e-001
3.324731e+003,3.807597e-001
3.325213e+003,3.807290e-001
3.325695e+003,3.807043e-001
3.326177e+003,3.806962e-001
3.326659e+003,3.807048e-001
3.327142e+003,3.807234e-001
3.327624e+003,3.807441e-001
3.328106e+003,3.807648e-001
3.328588e+003,3.807888e-001
3.329070e+003,3.808233e-001
3.329552e+003,3.808727e-001
3.330034e+003,3.809335e-001
3.330516e+003,3.809934e-001
3.330999e+003,3.810388e-001
3.331481e+003,3.810570e-001
3.331963e+003,3.810479e-001
3.332445e+003,3.810193e-001
3.332927e+003,3.809849e-001
3.333409e+003,3.809558e-001
3.333891e+003,3.809345e-001
3.334374e+003,3.809133e-001
3.334855e+003,3.808793e-001
3.335338e+003,3.808226e-001
3.335820e+003,3.807450e-001
3.336302e+003,3.806564e-001
3.336784e+003,3.805750e-001
3.337266e+003,3.805157e-001
3.337748e+003,3.804833e-001
3.338230e+003,3.804700e-001
3.338713e+003,3.804608e-001
3.339195e+003,3.804409e-001
3.339677e+003,3.804033e-001
3.340159e+003,3.803513e-001
3.340641e+003,3.802943e-001
3.341123e+003,3.802430e-001
3.341605e+003,3.802008e-001
3.342087e+003,3.801623e-001
3.342570e+003,3.801176e-001
3.343052e+003,3.800572e-001
3.343534e+003,3.799788e-001
3.344016e+003,3.798886e-001
3.344498e+003,3.797966e-001
3.344980e+003,3.797103e-001
3.345462e+003,3.796299e-001
3.345944e+003,3.795457e-001
3.346427e+003,3.794456e-001
3.346909e+003,3.793204e-001
3.347391e+003,3.791709e-001
3.347873e+003,3.790091e-001
3.348355e+003,3.788525e-001
3.348837e+003,3.787165e-001
3.349319e+003,3.786080e-001
3.349802e+003,3.785216e-001
3.350283e+003,3.784454e-001
3.350766e+003,3.783655e-001
3.351248e+003,3.782762e-001
3.351730e+003,3.781788e-001
3.352212e+003,3.780800e-001
3.352694e+003,3.779846e-001
3.353176e+003,3.778912e-001
3.353658e+003,3.777896e-001
3.354141e+003,3.776672e-001
3.354623e+003,3.775141e-001
3.355105e+003,3.773309e-001
3.355587e+003,3.771275e-001
3.356069e+003,3.769219e-001
3.356551e+003,3.767282e-001
3.357033e+003,3.765531e-001
3.357515e+003,3.763923e-001
3.357998e+003,3.762349e-001
3.358480e+003,3.760704e-001
3.358962e+003,3.758955e-001
3.359444e+003,3.757156e-001
3.359926e+003,3.755410e-001
3.360408e+003,3.753808e-001
3.360890e+003,3.752360e-001
3.361372e+003,3.750982e-001
3.361854e+003,3.749528e-001
3.362337e+003,3.747878e-001
3.362819e+003,3.745976e-001
3.363301e+003,3.743863e-001
3.363783e+003,3.741635e-001
3.364265e+003,3.739398e-001
3.364747e+003,3.737197e-001
3.365229e+003,3.735003e-001
3.365712e+003,3.732750e-001
3.366194e+003,3.730394e-001
3.366676e+003,3.727953e-001
3.367158e+003,3.725495e-001
3.367640e+003,3.723124e-001
3.368122e+003,3.720901e-001
3.368604e+003,3.718809e-001
3.369086e+003,3.716746e-001
3.369569e+003,3.714596e-001
3.370051e+003,3.712280e-001
3.370533e+003,3.709811e-001
3.371015e+003,3.707273e-001
3.371497e+003,3.704798e-001
3.371979e+003,3.702447e-001
3.372461e+003,3.700214e-001
3.372943e+003,3.697976e-001
3.373426e+003,3.695595e-001
3.373908e+003,3.692963e-001
3.374390e+003,3.690093e-001
3.374872e+003,3.687089e-001
3.375354e+003,3.684110e-001
3.375836e+003,3.681279e-001
3.376318e+003,3.678632e-001
3.376800e+003,3.676077e-001
3.377282e+003,3.673487e-001
3.377765e+003,3.670744e-001
3.378247e+003,3.667826e-001
3.378729e+003,3.664804e-001
3.379211e+003,3.661817e-001
3.379693e+003,3.658983e-001
3.380175e+003,3.656330e-001
3.380657e+003,3.653784e-001
3.381140e+003,3.651197e-001
3.381622e+003,3.648419e-001
3.382104e+003,3.645368e-001
3.382586e+003,3.642056e-001
3.383068e+003,3.638558e-001
3.383550e+003,3.634970e-001
3.384032e+003,3.631360e-001
3.384514e+003,3.627734e-001
3.384997e+003,3.624096e-001
3.385479e+003,3.620447e-001
3.385961e+003,3.616853e-001
3.386443e+003,3.613417e-001
3.386925e+003,3.610231e-001
3.387407e+003,3.607346e-001
3.387889e+003,3.604703e-001
3.388371e+003,3.602158e-001
3.388854e+003,3.599542e-001
3.389336e+003,3.596693e-001
3.389818e+003,3.593547e-001
3.390300e+003,3.590124e-001
3.390782e+003,3.586501e-001
3.391264e+003,3.582758e-001
3.391746e+003,3.578957e-001
3.392229e+003,3.575095e-001
3.392710e+003,3.571175e-001
3.393193e+003,3.567204e-001
3.393675e+003,3.563242e-001
3.394157e+003,3.559337e-001
3.394639e+003,3.555531e-001
3.395121e+003,3.551781e-001
3.395603e+003,3.547981e-001
3.396085e+003,3.543983e-001
3.396568e+003,3.539681e-001
3.397050e+003,3.535072e-001
3.397532e+003,3.530276e-001
3.398014e+003,3.525480e-001
3.398496e+003,3.520861e-001
3.398978e+003,3.516493e-001
3.399460e+003,3.512307e-001
3.399942e+003,3.508134e-001
3.400425e+003,3.503790e-001
3.400907e+003,3.499159e-001
3.401389e+003,3.494264e-001
3.401871e+003,3.489238e-001
3.402353e+003,3.484251e-001
3.402835e+003,3.479427e-001
3.403317e+003,3.474785e-001
3.403799e+003,3.470236e-001
3.404281e+003,3.465655e-001
3.404764e+003,3.460950e-001
3.405246e+003,3.456126e-001
3.405728e+003,3.451277e-001
3.406210e+003,3.446521e-001
3.406692e+003,3.441944e-001
3.407174e+003,3.437516e-001
3.407656e+003,3.433138e-001
3.408138e+003,3.428675e-001
3.408621e+003,3.424034e-001
3.409103e+003,3.419217e-001
3.409585e+003,3.414305e-001
3.410067e+003,3.409397e-001
3.410549e+003,3.404545e-001
3.411031e+003,3.399728e-001
3.411513e+003,3.394851e-001
3.411996e+003,3.389816e-001
3.412478e+003,3.384600e-001
3.412960e+003,3.379281e-001
3.413442e+003,3.374011e-001
3.413924e+003,3.368964e-001
3.414406e+003,3.364226e-001
3.414888e+003,3.359763e-001
3.415370e+003,3.355430e-001
3.415853e+003,3.351054e-001
3.416335e+003,3.346503e-001
3.416817e+003,3.341749e-001
3.417299e+003,3.336851e-001
3.417781e+003,3.331905e-001
3.418263e+003,3.326957e-001
3.418745e+003,3.321970e-001
3.419227e+003,3.316840e-001
3.419709e+003,3.311467e-001
3.420192e+003,3.305825e-001
3.420674e+003,3.300033e-001
3.421156e+003,3.294291e-001
3.421638e+003,3.288811e-001
3.422120e+003,3.283706e-001
3.422602e+003,3.278948e-001
3.423084e+003,3.274352e-001
3.423566e+003,3.269718e-001
3.424049e+003,3.264888e-001
3.424531e+003,3.259827e-001
3.425013e+003,3.254619e-001
3.425495e+003,3.249398e-001
3.425977e+003,3.244279e-001
3.426459e+003,3.239286e-001
3.426941e+003,3.234327e-001
3.427424e+003,3.229285e-001
3.427906e+003,3.224051e-001
3.428388e+003,3.218617e-001
3.428870e+003,3.213066e-001
3.429352e+003,3.207503e-001
3.429834e+003,3.202014e-001
3.430316e+003,3.196602e-001
3.430798e+003,3.191190e-001
3.431281e+003,3.185685e-001
3.431763e+003,3.180028e-001
3.432245e+003,3.174265e-001
3.432727e+003,3.168502e-001
3.433209e+003,3.162862e-001
3.433691e+003,3.157414e-001
3.434173e+003,3.152126e-001
3.434655e+003,3.146879e-001
3.435137e+003,3.141539e-001
3.435620e+003,3.136016e-001
3.436102e+003,3.130348e-001
3.436584e+003,3.124674e-001
3.437066e+003,3.119169e-001
3.437548e+003,3.113964e-001
3.438030e+003,3.109082e-001
3.438512e+003,3.104402e-001
3.438994e+003,3.099740e-001
3.439477e+003,3.094902e-001
3.439959e+003,3.089766e-001
3.440441e+003,3.084309e-001
3.440923e+003,3.078599e-001
3.441405e+003,3.072768e-001
3.441887e+003,3.066949e-001
3.442369e+003,3.061244e-001
3.442852e+003,3.055726e-001
3.443333e+003,3.050411e-001
3.443816e+003,3.045274e-001
3.444298e+003,3.040218e-001
3.444780e+003,3.035075e-001
3.445262e+003,3.029623e-001
3.445744e+003,3.023655e-001
3.446226e+003,3.017051e-001
3.446708e+003,3.009905e-001
3.447191e+003,3.002502e-001
3.447673e+003,2.995268e-001
3.448155e+003,2.988605e-001
3.448637e+003,2.982717e-001
3.449119e+003,2.977560e-001
3.449601e+003,2.972873e-001
3.450083e+003,2.968300e-001
3.450565e+003,2.963521e-001
3.451048e+003,2.958383e-001
3.451530e+003,2.952918e-001
3.452012e+003,2.947302e-001
3.452494e+003,2.941722e-001
3.452976e+003,2.936282e-001
3.453458e+003,2.930928e-001
3.453940e+003,2.925501e-001
3.454422e+003,2.919828e-001
3.454905e+003,2.913823e-001
3.455387e+003,2.907565e-001
3.455869e+003,2.901235e-001
3.456351e+003,2.895049e-001
3.456833e+003,2.889141e-001
3.457315e+003,2.883514e-001
3.457797e+003,2.878043e-001
3.458280e+003,2.872552e-001
3.458761e+003,2.866926e-001
3.459244e+003,2.861137e-001
3.459726e+003,2.855248e-001
3.460208e+003,2.849346e-001
3.460690e+003,2.843471e-001
3.461172e+003,2.837588e-001
3.461654e+003,2.831606e-001
3.462136e+003,2.825458e-001
3.462619e+003,2.819156e-001
3.463101e+003,2.812818e-001
3.463583e+003,2.806612e-001
3.464065e+003,2.800657e-001
3.464547e+003,2.794959e-001
3.465029e+003,2.789392e-001
3.465511e+003,2.783755e-001
3.465993e+003,2.777879e-001
3.466476e+003,2.771719e-001
3.466958e+003,2.765389e-001
3.467440e+003,2.759091e-001
3.467922e+003,2.753017e-001
3.468404e+003,2.747256e-001
3.468886e+003,2.741714e-001
3.469368e+003,2.736207e-001
3.469850e+003,2.730541e-001
3.470333e+003,2.724621e-001
3.470815e+003,2.718501e-001
3.471297e+003,2.712336e-001
3.471779e+003,2.706283e-001
3.472261e+003,2.700395e-001
3.472743e+003,2.694593e-001
3.473225e+003,2.688675e-001
3.473708e+003,2.682461e-001
3.474189e+003,2.675884e-001
3.474672e+003,2.669072e-001
3.475154e+003,2.662286e-001
3.475636e+003,2.655799e-001
3.476118e+003,2.649788e-001
3.476600e+003,2.644242e-001
3.477082e+003,2.638976e-001
3.477564e+003,2.633740e-001
3.478047e+003,2.628311e-001
3.478529e+003,2.622581e-001
3.479011e+003,2.616557e-001
3.479493e+003,2.610299e-001
3.479975e+003,2.603850e-001
3.480457e+003,2.597184e-001
3.480939e+003,2.590250e-001
3.481421e+003,2.583039e-001
3.481904e+003,2.575661e-001
3.482386e+003,2.568384e-001
3.482868e+003,2.561513e-001
3.483350e+003,2.555293e-001
3.483832e+003,2.549756e-001
3.484314e+003,2.544725e-001
3.484796e+003,2.539835e-001
3.485278e+003,2.534697e-001
3.485760e+003,2.529014e-001
3.486243e+003,2.522717e-001
3.486725e+003,2.515929e-001
3.487207e+003,2.508928e-001
3.487689e+003,2.501989e-001
3.488171e+003,2.495279e-001
3.488653e+003,2.488809e-001
3.489135e+003,2.482502e-001
3.489618e+003,2.476246e-001
3.490100e+003,2.470009e-001
3.490582e+003,2.463811e-001
3.491064e+003,2.457709e-001
3.491546e+003,2.451729e-001
3.492028e+003,2.445810e-001
3.492510e+003,2.439823e-001
3.492992e+003,2.433631e-001
3.493475e+003,2.427164e-001
3.493957e+003,2.420441e-001
3.494439e+003,2.413587e-001
3.494921e+003,2.406734e-001
3.495403e+003,2.399990e-001
3.495885e+003,2.393374e-001
3.496367e+003,2.386835e-001
3.496849e+003,2.380337e-001
3.497332e+003,2.373892e-001
3.497814e+003,2.367613e-001
3.498296e+003,2.361635e-001
3.498778e+003,2.356037e-001
3.499260e+003,2.350767e-001
3.499742e+003,2.345600e-001
3.500224e+003,2.340196e-001
3.500706e+003,2.334183e-001
3.501188e+003,2.327311e-001
3.501671e+003,2.319546e-001
3.502153e+003,2.311106e-001
3.502635e+003,2.302375e-001
3.503117e+003,2.293782e-001
3.503599e+003,2.285665e-001
3.504081e+003,2.278190e-001
3.504563e+003,2.271380e-001
3.505046e+003,2.265188e-001
3.505528e+003,2.259546e-001
3.506010e+003,2.254361e-001
3.506492e+003,2.249492e-001
3.506974e+003,2.244706e-001
3.507456e+003,2.239688e-001
3.507938e+003,2.234097e-001
3.508420e+003,2.227694e-001
3.508903e+003,2.220447e-001
3.509385e+003,2.212606e-001
3.509867e+003,2.204580e-001
3.510349e+003,2.196800e-001
3.510831e+003,2.189538e-001
3.511313e+003,2.182812e-001
3.511795e+003,2.176452e-001
3.512277e+003,2.170218e-001
3.512760e+003,2.163925e-001
3.513242e+003,2.157543e-001
3.513724e+003,2.151165e-001
3.514206e+003,2.144925e-001
3.514688e+003,2.138907e-001
3.515170e+003,2.133052e-001
3.515652e+003,2.127179e-001
3.516135e+003,2.121060e-001
3.516616e+003,2.114538e-001
3.517099e+003,2.107607e-001
3.517581e+003,2.100443e-001
3.518063e+003,2.093299e-001
3.518545e+003,2.086428e-001
3.519027e+003,2.079945e-001
3.519509e+003,2.073799e-001
3.519991e+003,2.067794e-001
3.520474e+003,2.061694e-001
3.520956e+003,2.055277e-001
3.521438e+003,2.048416e-001
3.521920e+003,2.041102e-001
3.522402e+003,2.033406e-001
3.522884e+003,2.025487e-001
3.523366e+003,2.017513e-001
3.523848e+003,2.009657e-001
3.524331e+003,2.002055e-001
3.524813e+003,1.994785e-001
3.525295e+003,1.987839e-001
3.525777e+003,1.981119e-001
3.526259e+003,1.974436e-001
3.526741e+003,1.967581e-001
3.527223e+003,1.960378e-001
3.527705e+003,1.952791e-001
3.528188e+003,1.944943e-001
3.528670e+003,1.937098e-001
3.529152e+003,1.929520e-001
3.529634e+003,1.922388e-001
3.530116e+003,1.915709e-001
3.530598e+003,1.909371e-001
3.531080e+003,1.903170e-001
3.531563e+003,1.896962e-001
3.532044e+003,1.890680e-001
3.532527e+003,1.884348e-001
3.533009e+003,1.878027e-001
3.533491e+003,1.871724e-001
3.533973e+003,1.865355e-001
3.534455e+003,1.858737e-001
3.534937e+003,1.851670e-001
3.535419e+003,1.844060e-001
3.535902e+003,1.835995e-001
3.536384e+003,1.827766e-001
3.536866e+003,1.819728e-001
3.537348e+003,1.812169e-001
3.537830e+003,1.805193e-001
3.538312e+003,1.798707e-001
3.538794e+003,1.792497e-001
3.539276e+003,1.786349e-001
3.539759e+003,1.780159e-001
3.540241e+003,1.773942e-001
3.540723e+003,1.767800e-001
3.541205e+003,1.761828e-001
3.541687e+003,1.756013e-001
3.542169e+003,1.750202e-001
3.542651e+003,1.744132e-001
3.543133e+003,1.737540e-001
3.543615e+003,1.730244e-001
3.544098e+003,1.722247e-001
3.544580e+003,1.713716e-001
3.545062e+003,1.704893e-001
3.545544e+003,1.696021e-001
3.546026e+003,1.687263e-001
3.546508e+003,1.678716e-001
3.546990e+003,1.670473e-001
3.547472e+003,1.662671e-001
3.547955e+003,1.655461e-001
3.548437e+003,1.648925e-001
3.548919e+003,1.643014e-001
3.549401e+003,1.637497e-001
3.549883e+003,1.632003e-001
3.550365e+003,1.626090e-001
3.550847e+003,1.619404e-001
3.551330e+003,1.611813e-001
3.551812e+003,1.603502e-001
3.552294e+003,1.594915e-001
3.552776e+003,1.586563e-001
3.553258e+003,1.578794e-001
3.553740e+003,1.571696e-001
3.554222e+003,1.565112e-001
3.554704e+003,1.558806e-001
3.555187e+003,1.552557e-001
3.555669e+003,1.546278e-001
3.556151e+003,1.539973e-001
3.556633e+003,1.533673e-001
3.557115e+003,1.527370e-001
3.557597e+003,1.520967e-001
3.558079e+003,1.514312e-001
3.558561e+003,1.507284e-001
3.559043e+003,1.499858e-001
3.559526e+003,1.492186e-001
3.560008e+003,1.484541e-001
3.560490e+003,1.477210e-001
3.560972e+003,1.470407e-001
3.561454e+003,1.464198e-001
3.561936e+003,1.458493e-001
3.562418e+003,1.453138e-001
3.562900e+003,1.447970e-001
3.563383e+003,1.442856e-001
3.563865e+003,1.437634e-001
3.564347e+003,1.432061e-001
3.564829e+003,1.425734e-001
3.565311e+003,1.418108e-001
3.565793e+003,1.408665e-001
3.566275e+003,1.397288e-001
3.566758e+003,1.384575e-001
3.567240e+003,1.371798e-001
3.567722e+003,1.360290e-001
3.568204e+003,1.350820e-001
3.568686e+003,1.343392e-001
3.569168e+003,1.337475e-001
3.569650e+003,1.332377e-001
3.570132e+003,1.327516e-001
3.570615e+003,1.322516e-001
3.571097e+003,1.317232e-001
3.571579e+003,1.311673e-001
3.572061e+003,1.305907e-001
3.572543e+003,1.299974e-001
3.573025e+003,1.293833e-001
3.573507e+003,1.287396e-001
3.573989e+003,1.280590e-001
3.574471e+003,1.273432e-001
3.574954e+003,1.266077e-001
3.575436e+003,1.258743e-001
3.575918e+003,1.251624e-001
3.576400e+003,1.244812e-001
3.576882e+003,1.238249e-001
3.577364e+003,1.231788e-001
3.577846e+003,1.225283e-001
3.578328e+003,1.218672e-001
3.578811e+003,1.212027e-001
3.579293e+003,1.205484e-001
3.579775e+003,1.199169e-001
3.580257e+003,1.193112e-001
3.580739e+003,1.187227e-001
3.581221e+003,1.181367e-001
3.581703e+003,1.175416e-001
3.582186e+003,1.169370e-001
3.582667e+003,1.163349e-001
3.583150e+003,1.157534e-001
3.583632e+003,1.152050e-001
3.584114e+003,1.146875e-001
3.584596e+003,1.141761e-001
3.585078e+003,1.136263e-001
3.585560e+003,1.129847e-001
3.586042e+003,1.122058e-001
3.586525e+003,1.112818e-001
3.587007e+003,1.102612e-001
3.587489e+003,1.092353e-001
3.587971e+003,1.082996e-001
3.588453e+003,1.075059e-001
3.588935e+003,1.068524e-001
3.589417e+003,1.063059e-001
3.589899e+003,1.058289e-001
3.590382e+003,1.053920e-001
3.590864e+003,1.049749e-001
3.591346e+003,1.045599e-001
3.591828e+003,1.041277e-001
3.592310e+003,1.036535e-001
3.592792e+003,1.031123e-001
3.593274e+003,1.024894e-001
3.593756e+003,1.017901e-001
3.594239e+003,1.010443e-001
3.594721e+003,1.002956e-001
3.595203e+003,9.958539e-002
3.595685e+003,9.893705e-002
3.596167e+003,9.834919e-002
3.596649e+003,9.780099e-002
3.597131e+003,9.726706e-002
3.597614e+003,9.672683e-002
3.598095e+003,9.616952e-002
3.598578e+003,9.559237e-002
3.599060e+003,9.499779e-002
3.599542e+003,9.438569e-002
3.600024e+003,9.375593e-002
3.600506e+003,9.310842e-002
3.600988e+003,9.245163e-002
3.601470e+003,9.180140e-002
3.601953e+003,9.117938e-002
3.602435e+003,9.060308e-002
3.602917e+003,9.008048e-002
3.603399e+003,8.960405e-002
3.603881e+003,8.915684e-002
3.604363e+003,8.871458e-002
3.604845e+003,8.825464e-002
3.605327e+003,8.775819e-002
3.605810e+003,8.721682e-002
3.606292e+003,8.662547e-002
3.606774e+003,8.598395e-002
3.607256e+003,8.529557e-002
3.607738e+003,8.456921e-002
3.608220e+003,8.382460e-002
3.608702e+003,8.309326e-002
3.609184e+003,8.240808e-002
3.609667e+003,8.179571e-002
3.610149e+003,8.126066e-002
3.610631e+003,8.078738e-002
3.611113e+003,8.033904e-002
3.611595e+003,7.986769e-002
3.612077e+003,7.932685e-002
3.612559e+003,7.869531e-002
3.613042e+003,7.798889e-002
3.613524e+003,7.726096e-002
3.614006e+003,7.657456e-002
3.614488e+003,7.597060e-002
3.614970e+003,7.545406e-002
3.615452e+003,7.499825e-002
3.615934e+003,7.455903e-002
3.616416e+003,7.409457e-002
3.616898e+003,7.357325e-002
3.617381e+003,7.298478e-002
3.617863e+003,7.233690e-002
3.618345e+003,7.165258e-002
3.618827e+003,7.095848e-002
3.619309e+003,7.027705e-002
3.619791e+003,6.962005e-002
3.620273e+003,6.899876e-002
3.620755e+003,6.842229e-002
3.621238e+003,6.790312e-002
3.621720e+003,6.744613e-002
3.622202e+003,6.704588e-002
3.622684e+003,6.668722e-002
3.623166e+003,6.634681e-002
3.623648e+003,6.600063e-002
3.624130e+003,6.563441e-002
3.624612e+003,6.524564e-002
3.625094e+003,6.484672e-002
3.625577e+003,6.445307e-002
3.626059e+003,6.407104e-002
3.626541e+003,6.368552e-002
3.627023e+003,6.324806e-002
3.627505e+003,6.267902e-002
3.627987e+003,6.190712e-002
3.628469e+003,6.093669e-002
3.628952e+003,5.990090e-002
3.629434e+003,5.898137e-002
3.629916e+003,5.828316e-002
3.630398e+003,5.779657e-002
3.630880e+003,5.744798e-002
3.631362e+003,5.715678e-002
3.631844e+003,5.686281e-002
3.632326e+003,5.652864e-002
3.632809e+003,5.614245e-002
3.633291e+003,5.571285e-002
3.633773e+003,5.526181e-002
3.634255e+003,5.481215e-002
3.634737e+003,5.437646e-002
3.635219e+003,5.395399e-002
3.635701e+003,5.353738e-002
3.636183e+003,5.311666e-002
3.636666e+003,5.268897e-002
3.637148e+003,5.225666e-002
3.637630e+003,5.182537e-002
3.638112e+003,5.139956e-002
3.638594e+003,5.098022e-002
3.639076e+003,5.056264e-002
3.639558e+003,5.014342e-002
3.640041e+003,4.971937e-002
3.640522e+003,4.929432e-002
3.641005e+003,4.887400e-002
3.641487e+003,4.846514e-002
3.641969e+003,4.807318e-002
3.642451e+003,4.769951e-002
3.642933e+003,4.734411e-002
3.643415e+003,4.700610e-002
3.643897e+003,4.668835e-002
3.644380e+003,4.639507e-002
3.644862e+003,4.612789e-002
3.645344e+003,4.588257e-002
3.645826e+003,4.564305e-002
3.646308e+003,4.538027e-002
3.646790e+003,4.505231e-002
3.647272e+003,4.462091e-002
3.647754e+003,4.406301e-002
3.648237e+003,4.338824e-002
3.648719e+003,4.263025e-002
3.649201e+003,4.183729e-002
3.649683e+003,4.105817e-002
3.650165e+003,4.033928e-002
3.650647e+003,3.971578e-002
3.651129e+003,3.920831e-002
3.651611e+003,3.881815e-002
3.652094e+003,3.853523e-002
3.652576e+003,3.833784e-002
3.653058e+003,3.819832e-002
3.653540e+003,3.808321e-002
3.654022e+003,3.795480e-002
3.654504e+003,3.777255e-002
3.654986e+003,3.750595e-002
3.655469e+003,3.714633e-002
3.655950e+003,3.672149e-002
3.656433e+003,3.628426e-002
3.656915e+003,3.588371e-002
3.657397e+003,3.554253e-002
3.657879e+003,3.525436e-002
3.658361e+003,3.499579e-002
3.658843e+003,3.474624e-002
3.659325e+003,3.449269e-002
3.659808e+003,3.423305e-002
3.660290e+003,3.397016e-002
3.660772e+003,3.370923e-002
3.661254e+003,3.345038e-002
3.661736e+003,3.319038e-002
3.662218e+003,3.292430e-002
3.662700e+003,3.265212e-002
3.663182e+003,3.238028e-002
3.663665e+003,3.212006e-002
3.664147e+003,3.188311e-002
3.664629e+003,3.167437e-002
3.665111e+003,3.149049e-002
3.665593e+003,3.132071e-002
3.666075e+003,3.115066e-002
3.666557e+003,3.097079e-002
3.667039e+003,3.077517e-002
3.667521e+003,3.056477e-002
3.668004e+003,3.033824e-002
3.668486e+003,3.008717e-002
3.668968e+003,2.979283e-002
3.669450e+003,2.943754e-002
3.669932e+003,2.902403e-002
3.670414e+003,2.859170e-002
3.670896e+003,2.819380e-002
3.671378e+003,2.787313e-002
3.671861e+003,2.764503e-002
3.672343e+003,2.750394e-002
3.672825e+003,2.742930e-002
3.673307e+003,2.738808e-002
3.673789e+003,2.733013e-002
3.674271e+003,2.719699e-002
3.674753e+003,2.694012e-002
3.675236e+003,2.657166e-002
3.675718e+003,2.617199e-002
3.676200e+003,2.583149e-002
3.676682e+003,2.558467e-002
3.677164e+003,2.541223e-002
3.677646e+003,2.527777e-002
3.678128e+003,2.515344e-002
3.678610e+003,2.502350e-002
3.679093e+003,2.488798e-002
3.679575e+003,2.475156e-002
3.680057e+003,2.462107e-002
3.680539e+003,2.449710e-002
3.681021e+003,2.437659e-002
3.681503e+003,2.425494e-002
3.681985e+003,2.412980e-002
3.682467e+003,2.400513e-002
3.682949e+003,2.389060e-002
3.683432e+003,2.379722e-002
3.683914e+003,2.372972e-002
3.684396e+003,2.368698e-002
3.684878e+003,2.365948e-002
3.685360e+003,2.363183e-002
3.685842e+003,2.359043e-002
3.686324e+003,2.352460e-002
3.686806e+003,2.343074e-002
3.687289e+003,2.330810e-002
3.687771e+003,2.316026e-002
3.688253e+003,2.299083e-002
3.688735e+003,2.280154e-002
3.689217e+003,2.259425e-002
3.689699e+003,2.237664e-002
3.690181e+003,2.216284e-002
3.690664e+003,2.197022e-002
3.691146e+003,2.181141e-002
3.691628e+003,2.169064e-002
3.692110e+003,2.160159e-002
3.692592e+003,2.153485e-002
3.693074e+003,2.147838e-002
3.693556e+003,2.142673e-002
3.694038e+003,2.137545e-002
3.694521e+003,2.132700e-002
3.695003e+003,2.127867e-002
3.695485e+003,2.122896e-002
3.695967e+003,2.117105e-002
3.696449e+003,2.109947e-002
3.696931e+003,2.101212e-002
3.697413e+003,2.091358e-002
3.697895e+003,2.081428e-002
3.698377e+003,2.072773e-002
3.698860e+003,2.066476e-002
3.699342e+003,2.062772e-002
3.699824e+003,2.061092e-002
3.700306e+003,2.059858e-002
3.700788e+003,2.057244e-002
3.701270e+003,2.052047e-002
3.701752e+003,2.044264e-002
3.702234e+003,2.035238e-002
3.702717e+003,2.026644e-002
3.703199e+003,2.019527e-002
3.703681e+003,2.014111e-002
3.704163e+003,2.009775e-002
3.704645e+003,2.005748e-002
3.705127e+003,2.001547e-002
3.705609e+003,1.997220e-002
3.706092e+003,1.993278e-002
3.706573e+003,1.990143e-002
3.707056e+003,1.988188e-002
3.707538e+003,1.987116e-002
3.708020e+003,1.986217e-002
3.708502e+003,1.984460e-002
3.708984e+003,1.981135e-002
3.709466e+003,1.976067e-002
3.709948e+003,1.969890e-002
3.710431e+003,1.963364e-002
3.710913e+003,1.956736e-002
3.711395e+003,1.949472e-002
3.711877e+003,1.940787e-002
3.712359e+003,1.930482e-002
3.712841e+003,1.919554e-002
3.713323e+003,1.909742e-002
3.713805e+003,1.902631e-002
3.714288e+003,1.899168e-002
3.714770e+003,1.899215e-002
3.715252e+003,1.901903e-002
3.715734e+003,1.905737e-002
3.716216e+003,1.909287e-002
3.716698e+003,1.911528e-002
3.717180e+003,1.912137e-002
3.717662e+003,1.911538e-002
3.718145e+003,1.910738e-002
3.718627e+003,1.910587e-002
3.719109e+003,1.911533e-002
3.719591e+003,1.913328e-002
3.720073e+003,1.915197e-002
3.720555e+003,1.916456e-002
3.721037e+003,1.916442e-002
3.721520e+003,1.915093e-002
3.722001e+003,1.912496e-002
3.722484e+003,1.908837e-002
3.722966e+003,1.904192e-002
3.723448e+003,1.898621e-002
3.723930e+003,1.892163e-002
3.724412e+003,1.885366e-002
3.724894e+003,1.879129e-002
3.725376e+003,1.874640e-002
3.725859e+003,1.872609e-002
3.726341e+003,1.873177e-002
3.726823e+003,1.875492e-002
3.727305e+003,1.878534e-002
3.727787e+003,1.881476e-002
3.728269e+003,1.884294e-002
3.728751e+003,1.887375e-002
3.729233e+003,1.891607e-002
3.729716e+003,1.897503e-002
3.730198e+003,1.904902e-002
3.730680e+003,1.912877e-002
3.731162e+003,1.919555e-002
3.731644e+003,1.922706e-002
3.732126e+003,1.921214e-002
3.732608e+003,1.915068e-002
3.733090e+003,1.906154e-002
3.733573e+003,1.896311e-002
3.734055e+003,1.887068e-002
3.734537e+003,1.878611e-002
3.735019e+003,1.870115e-002
3.735501e+003,1.860966e-002
3.735983e+003,1.851815e-002
3.736465e+003,1.844178e-002
3.736948e+003,1.839807e-002
3.737430e+003,1.839043e-002
3.737912e+003,1.841384e-002
3.738394e+003,1.845267e-002
3.738876e+003,1.849089e-002
3.739358e+003,1.851521e-002
3.739840e+003,1.852135e-002
3.740322e+003,1.851321e-002
3.740804e+003,1.850243e-002
3.741287e+003,1.850093e-002
3.741769e+003,1.851636e-002
3.742251e+003,1.854759e-002
3.742733e+003,1.858008e-002
3.743215e+003,1.859076e-002
3.743697e+003,1.855413e-002
3.744179e+003,1.846479e-002
3.744661e+003,1.835222e-002
3.745144e+003,1.825695e-002
3.745626e+003,1.820420e-002
3.746108e+003,1.819199e-002
3.746590e+003,1.820613e-002
3.747072e+003,1.822730e-002
3.747554e+003,1.824321e-002
3.748036e+003,1.824455e-002
3.748518e+003,1.822969e-002
3.749000e+003,1.820114e-002
3.749483e+003,1.816227e-002
3.749965e+003,1.811623e-002
3.750447e+003,1.806051e-002
3.750929e+003,1.799384e-002
3.751411e+003,1.792414e-002
3.751893e+003,1.786473e-002
3.752375e+003,1.783196e-002
3.752858e+003,1.783173e-002
3.753340e+003,1.786030e-002
3.753822e+003,1.790548e-002
3.754304e+003,1.795381e-002
3.754786e+003,1.799297e-002
3.755268e+003,1.801742e-002
3.755750e+003,1.802477e-002
3.756232e+003,1.802117e-002
3.756715e+003,1.801366e-002
3.757197e+003,1.800931e-002
3.757679e+003,1.800973e-002
3.758161e+003,1.801053e-002
3.758643e+003,1.800276e-002
3.759125e+003,1.797837e-002
3.759607e+003,1.793597e-002
3.760089e+003,1.788272e-002
3.760572e+003,1.782996e-002
3.761054e+003,1.778828e-002
3.761536e+003,1.776259e-002
3.762018e+003,1.775491e-002
3.762500e+003,1.776071e-002
3.762982e+003,1.777799e-002
3.763464e+003,1.780182e-002
3.763947e+003,1.783020e-002
3.764428e+003,1.785746e-002
3.764911e+003,1.787891e-002
3.765393e+003,1.788978e-002
3.765875e+003,1.788967e-002
3.766357e+003,1.788023e-002
3.766839e+003,1.786876e-002
3.767321e+003,1.786399e-002
3.767803e+003,1.787170e-002
3.768286e+003,1.789481e-002
3.768768e+003,1.792626e-002
3.769250e+003,1.795053e-002
3.769732e+003,1.795093e-002
3.770214e+003,1.791445e-002
3.770696e+003,1.784513e-002
3.771178e+003,1.775759e-002
3.771660e+003,1.767333e-002
3.772143e+003,1.761103e-002
3.772625e+003,1.758195e-002
3.773107e+003,1.758887e-002
3.773589e+003,1.762701e-002
3.774071e+003,1.768576e-002
3.774553e+003,1.775237e-002
3.775035e+003,1.781445e-002
3.775517e+003,1.786440e-002
3.776000e+003,1.789868e-002
3.776482e+003,1.791615e-002
3.776964e+003,1.791894e-002
3.777446e+003,1.790769e-002
3.777928e+003,1.788251e-002
3.778410e+003,1.784354e-002
3.778892e+003,1.779189e-002
3.779375e+003,1.773328e-002
3.779856e+003,1.767224e-002
3.780339e+003,1.761599e-002
3.780821e+003,1.757088e-002
3.781303e+003,1.754083e-002
3.781785e+003,1.752952e-002
3.782267e+003,1.753986e-002
3.782749e+003,1.757364e-002
3.783231e+003,1.762960e-002
3.783714e+003,1.770028e-002
3.784196e+003,1.777085e-002
3.784678e+003,1.782610e-002
3.785160e+003,1.785297e-002
3.785642e+003,1.784675e-002
3.786124e+003,1.781415e-002
3.786606e+003,1.776772e-002
3.787088e+003,1.772304e-002
3.787571e+003,1.769143e-002
3.788053e+003,1.768074e-002
3.788535e+003,1.769175e-002
3.789017e+003,1.772039e-002
3.789499e+003,1.775984e-002
3.789981e+003,1.780411e-002
3.790463e+003,1.784561e-002
3.790945e+003,1.787988e-002
3.791427e+003,1.790361e-002
3.791910e+003,1.791364e-002
3.792392e+003,1.791045e-002
3.792874e+003,1.789634e-002
3.793356e+003,1.787651e-002
3.793838e+003,1.785947e-002
3.794320e+003,1.785170e-002
3.794802e+003,1.785981e-002
3.795284e+003,1.788051e-002
3.795767e+003,1.790312e-002
3.796249e+003,1.791150e-002
3.796731e+003,1.789343e-002
3.797213e+003,1.784674e-002
3.797695e+003,1.778235e-002
3.798177e+003,1.771795e-002
3.798659e+003,1.767287e-002
3.799142e+003,1.766175e-002
3.799624e+003,1.768894e-002
3.800106e+003,1.774489e-002
3.800588e+003,1.780099e-002
3.801070e+003,1.781865e-002
3.801552e+003,1.777316e-002
3.802034e+003,1.767304e-002
3.802516e+003,1.755570e-002
3.802999e+003,1.745630e-002
3.803481e+003,1.739636e-002
3.803963e+003,1.738176e-002
3.804445e+003,1.740969e-002
3.804927e+003,1.747280e-002
3.805409e+003,1.755644e-002
3.805891e+003,1.763985e-002
3.806373e+003,1.769741e-002
3.806855e+003,1.770832e-002
3.807338e+003,1.766721e-002
3.807820e+003,1.758848e-002
3.808302e+003,1.749646e-002
3.808784e+003,1.741437e-002
3.809266e+003,1.735943e-002
3.809748e+003,1.734186e-002
3.810230e+003,1.736600e-002
3.810712e+003,1.742727e-002
3.811195e+003,1.751409e-002
3.811677e+003,1.761025e-002
3.812159e+003,1.770108e-002
3.812641e+003,1.777687e-002
3.813123e+003,1.783505e-002
3.813605e+003,1.788035e-002
3.814087e+003,1.792311e-002
3.814570e+003,1.796932e-002
3.815052e+003,1.801798e-002
3.815534e+003,1.805579e-002
3.816016e+003,1.806587e-002
3.816498e+003,1.803900e-002
3.816980e+003,1.798221e-002
3.817462e+003,1.791263e-002
3.817944e+003,1.785172e-002
3.818427e+003,1.781407e-002
3.818909e+003,1.781056e-002
3.819391e+003,1.783929e-002
3.819873e+003,1.788504e-002
3.820355e+003,1.791532e-002
3.820837e+003,1.789442e-002
3.821319e+003,1.780850e-002
3.821801e+003,1.767878e-002
3.822283e+003,1.753970e-002
3.822766e+003,1.742095e-002
3.823248e+003,1.733623e-002
3.823730e+003,1.729041e-002
3.824212e+003,1.728286e-002
3.824694e+003,1.731103e-002
3.825176e+003,1.736995e-002
3.825658e+003,1.745207e-002
3.826140e+003,1.754241e-002
3.826623e+003,1.762535e-002
3.827105e+003,1.768742e-002
3.827587e+003,1.772349e-002
3.828069e+003,1.773559e-002
3.828551e+003,1.773334e-002
3.829033e+003,1.772750e-002
3.829515e+003,1.772896e-002
3.829998e+003,1.774402e-002
3.830479e+003,1.777421e-002
3.830962e+003,1.781327e-002
3.831444e+003,1.785299e-002
3.831926e+003,1.788385e-002
3.832408e+003,1.790099e-002
3.832890e+003,1.790620e-002
3.833372e+003,1.790601e-002
3.833854e+003,1.790582e-002
3.834337e+003,1.790871e-002
3.834819e+003,1.791315e-002
3.835301e+003,1.791604e-002
3.835783e+003,1.791059e-002
3.836265e+003,1.789408e-002
3.836747e+003,1.786433e-002
3.837229e+003,1.782558e-002
3.837711e+003,1.777975e-002
3.838194e+003,1.773058e-002
3.838676e+003,1.767868e-002
3.839158e+003,1.762524e-002
3.839640e+003,1.757422e-002
3.840122e+003,1.753399e-002
3.840604e+003,1.751202e-002
3.841086e+003,1.751550e-002
3.841568e+003,1.754394e-002
3.842051e+003,1.759143e-002
3.842533e+003,1.764472e-002
3.843015e+003,1.769030e-002
3.843497e+003,1.771530e-002
3.843979e+003,1.771791e-002
3.844461e+003,1.770249e-002
3.844943e+003,1.768257e-002
3.845426e+003,1.766882e-002
3.845907e+003,1.766910e-002
3.846390e+003,1.768523e-002
3.846872e+003,1.771553e-002
3.847354e+003,1.775434e-002
3.847836e+003,1.779883e-002
3.848318e+003,1.784694e-002
3.848800e+003,1.789970e-002
3.849282e+003,1.795995e-002
3.849765e+003,1.803003e-002
3.850247e+003,1.810863e-002
3.850729e+003,1.819100e-002
3.851211e+003,1.826358e-002
3.851693e+003,1.830832e-002
3.852175e+003,1.829835e-002
3.852657e+003,1.822011e-002
3.853139e+003,1.808339e-002
3.853622e+003,1.792922e-002
3.854104e+003,1.779452e-002
3.854586e+003,1.769180e-002
3.855068e+003,1.761437e-002
3.855550e+003,1.755538e-002
3.856032e+003,1.751213e-002
3.856514e+003,1.749108e-002
3.856996e+003,1.749662e-002
3.857479e+003,1.753523e-002
3.857961e+003,1.760614e-002
3.858443e+003,1.770356e-002
3.858925e+003,1.781471e-002
3.859407e+003,1.792551e-002
3.859889e+003,1.802199e-002
3.860371e+003,1.809173e-002
3.860854e+003,1.812968e-002
3.861336e+003,1.813660e-002
3.861818e+003,1.812179e-002
3.862300e+003,1.809792e-002
3.862782e+003,1.807560e-002
3.863264e+003,1.805987e-002
3.863746e+003,1.804491e-002
3.864228e+003,1.802050e-002
3.864710e+003,1.797641e-002
3.865193e+003,1.791186e-002
3.865675e+003,1.783448e-002
3.866157e+003,1.776006e-002
3.866639e+003,1.770220e-002
3.867121e+003,1.767320e-002
3.867603e+003,1.768097e-002
3.868085e+003,1.772916e-002
3.868567e+003,1.781129e-002
3.869050e+003,1.790408e-002
3.869532e+003,1.797318e-002
3.870014e+003,1.798942e-002
3.870496e+003,1.794707e-002
3.870978e+003,1.786491e-002
3.871460e+003,1.776874e-002
3.871942e+003,1.768317e-002
3.872424e+003,1.762391e-002
3.872906e+003,1.760199e-002
3.873389e+003,1.762208e-002
3.873871e+003,1.767888e-002
3.874353e+003,1.775905e-002
3.874835e+003,1.784469e-002
3.875317e+003,1.791997e-002
3.875799e+003,1.797841e-002
3.876281e+003,1.801920e-002
3.876764e+003,1.804637e-002
3.877246e+003,1.806614e-002
3.877728e+003,1.808592e-002
3.878210e+003,1.811194e-002
3.878692e+003,1.814914e-002
3.879174e+003,1.819362e-002
3.879656e+003,1.823500e-002
3.880138e+003,1.825390e-002
3.880621e+003,1.823498e-002
3.881103e+003,1.817485e-002
3.881585e+003,1.808740e-002
3.882067e+003,1.799188e-002
3.882549e+003,1.791155e-002
3.883031e+003,1.786215e-002
3.883513e+003,1.785501e-002
3.883995e+003,1.788935e-002
3.884478e+003,1.795323e-002
3.884960e+003,1.802337e-002
3.885442e+003,1.807258e-002
3.885924e+003,1.808550e-002
3.886406e+003,1.806795e-002
3.886888e+003,1.803687e-002
3.887370e+003,1.801216e-002
3.887853e+003,1.800541e-002
3.888334e+003,1.802145e-002
3.888817e+003,1.805859e-002
3.889299e+003,1.811293e-002
3.889781e+003,1.817497e-002
3.890263e+003,1.823560e-002
3.890745e+003,1.828516e-002
3.891227e+003,1.831584e-002
3.891709e+003,1.832424e-002
3.892192e+003,1.831177e-002
3.892674e+003,1.828353e-002
3.893156e+003,1.824994e-002
3.893638e+003,1.822116e-002
3.894120e+003,1.820959e-002
3.894602e+003,1.822358e-002
3.895084e+003,1.826811e-002
3.895566e+003,1.834292e-002
3.896049e+003,1.843889e-002
3.896531e+003,1.854168e-002
3.897013e+003,1.863353e-002
3.897495e+003,1.869746e-002
3.897977e+003,1.872302e-002
3.898459e+003,1.870953e-002
3.898941e+003,1.866730e-002
3.899423e+003,1.861279e-002
3.899906e+003,1.856244e-002
3.900388e+003,1.852462e-002
3.900870e+003,1.850091e-002
3.901352e+003,1.848620e-002
3.901834e+003,1.847568e-002
3.902316e+003,1.846528e-002
3.902798e+003,1.845384e-002
3.903281e+003,1.843742e-002
3.903762e+003,1.841342e-002
3.904245e+003,1.837790e-002
3.904727e+003,1.833190e-002
3.905209e+003,1.828028e-002
3.905691e+003,1.823204e-002
3.906173e+003,1.819792e-002
3.906655e+003,1.818682e-002
3.907137e+003,1.819993e-002
3.907620e+003,1.823594e-002
3.908102e+003,1.828623e-002
3.908584e+003,1.834242e-002
3.909066e+003,1.839496e-002
3.909548e+003,1.843795e-002
3.910030e+003,1.846983e-002
3.910512e+003,1.849280e-002
3.910994e+003,1.851080e-002
3.911477e+003,1.852724e-002
3.911959e+003,1.854354e-002
3.912441e+003,1.856182e-002
3.912923e+003,1.858167e-002
3.913405e+003,1.860480e-002
3.913887e+003,1.863266e-002
3.914369e+003,1.866642e-002
3.914851e+003,1.870466e-002
3.915333e+003,1.874382e-002
3.915816e+003,1.877643e-002
3.916298e+003,1.879554e-002
3.916780e+003,1.879746e-002
3.917262e+003,1.878652e-002
3.917744e+003,1.877058e-002
3.918226e+003,1.875977e-002
3.918708e+003,1.876168e-002
3.919190e+003,1.877751e-002
3.919673e+003,1.880280e-002
3.920155e+003,1.883257e-002
3.920637e+003,1.886128e-002
3.921119e+003,1.888725e-002
3.921601e+003,1.891257e-002
3.922083e+003,1.893986e-002
3.922565e+003,1.897018e-002
3.923048e+003,1.900209e-002
3.923530e+003,1.902756e-002
3.924012e+003,1.903857e-002
3.924494e+003,1.902802e-002
3.924976e+003,1.899736e-002
3.925458e+003,1.895366e-002
3.925940e+003,1.890916e-002
3.926422e+003,1.887254e-002
3.926905e+003,1.884973e-002
3.927387e+003,1.884139e-002
3.927869e+003,1.884594e-002
3.928351e+003,1.885996e-002
3.928833e+003,1.888202e-002
3.929315e+003,1.890988e-002
3.929797e+003,1.894367e-002
3.930279e+003,1.897931e-002
3.930761e+003,1.900995e-002
3.931244e+003,1.902651e-002
3.931726e+003,1.902054e-002
3.932208e+003,1.898770e-002
3.932690e+003,1.893416e-002
3.933172e+003,1.887099e-002
3.933654e+003,1.881466e-002
3.934136e+003,1.877611e-002
3.934618e+003,1.876207e-002
3.935101e+003,1.877227e-002
3.935583e+003,1.880107e-002
3.936065e+003,1.884109e-002
3.936547e+003,1.888467e-002
3.937029e+003,1.892643e-002
3.937511e+003,1.896238e-002
3.937993e+003,1.899122e-002
3.938476e+003,1.901255e-002
3.938958e+003,1.902596e-002
3.939440e+003,1.903265e-002
3.939922e+003,1.903366e-002
3.940404e+003,1.903242e-002
3.940886e+003,1.903238e-002
3.941368e+003,1.903761e-002
3.941850e+003,1.904720e-002
3.942333e+003,1.905944e-002
3.942815e+003,1.906797e-002
3.943297e+003,1.906859e-002
3.943779e+003,1.905956e-002
3.944261e+003,1.904669e-002
3.944743e+003,1.903541e-002
3.945225e+003,1.903469e-002
3.945707e+003,1.904905e-002
3.946189e+003,1.907756e-002
3.946672e+003,1.911466e-002
3.947154e+003,1.915059e-002
3.947636e+003,1.917449e-002
3.948118e+003,1.918133e-002
3.948600e+003,1.917018e-002
3.949082e+003,1.914857e-002
3.949564e+003,1.912550e-002
3.950046e+003,1.910811e-002
3.950529e+003,1.910052e-002
3.951011e+003,1.910166e-002
3.951493e+003,1.910769e-002
3.951975e+003,1.911612e-002
3.952457e+003,1.912282e-002
3.952939e+003,1.912793e-002
3.953421e+003,1.912934e-002
3.953904e+003,1.912664e-002
3.954385e+003,1.911798e-002
3.954868e+003,1.910242e-002
3.955350e+003,1.908102e-002
3.955832e+003,1.905777e-002
3.956314e+003,1.903822e-002
3.956796e+003,1.902888e-002
3.957278e+003,1.903451e-002
3.957760e+003,1.905513e-002
3.958243e+003,1.908649e-002
3.958725e+003,1.912251e-002
3.959207e+003,1.915587e-002
3.959689e+003,1.918315e-002
3.960171e+003,1.920233e-002
3.960653e+003,1.921595e-002
3.961135e+003,1.922692e-002
3.961617e+003,1.923669e-002
3.962100e+003,1.924607e-002
3.962582e+003,1.925306e-002
3.963064e+003,1.925660e-002
3.963546e+003,1.925708e-002
3.964028e+003,1.925677e-002
3.964510e+003,1.925791e-002
3.964992e+003,1.926278e-002
3.965474e+003,1.927243e-002
3.965957e+003,1.928647e-002
3.966439e+003,1.930250e-002
3.966921e+003,1.931907e-002
3.967403e+003,1.933684e-002
3.967885e+003,1.935727e-002
3.968367e+003,1.938409e-002
3.968849e+003,1.941583e-002
3.969332e+003,1.945078e-002
3.969813e+003,1.948348e-002
3.970296e+003,1.950753e-002
3.970778e+003,1.951841e-002
3.971260e+003,1.951666e-002
3.971742e+003,1.950692e-002
3.972224e+003,1.949784e-002
3.972706e+003,1.949727e-002
3.973188e+003,1.951016e-002
3.973671e+003,1.953556e-002
3.974153e+003,1.956777e-002
3.974635e+003,1.959824e-002
3.975117e+003,1.961874e-002
3.975599e+003,1.962445e-002
3.976081e+003,1.961590e-002
3.976563e+003,1.959683e-002
3.977045e+003,1.957308e-002
3.977528e+003,1.955093e-002
3.978010e+003,1.953383e-002
3.978492e+003,1.952540e-002
3.978974e+003,1.952670e-002
3.979456e+003,1.953773e-002
3.979938e+003,1.955771e-002
3.980420e+003,1.958302e-002
3.980902e+003,1.960967e-002
3.981385e+003,1.963352e-002
3.981867e+003,1.964938e-002
3.982349e+003,1.965630e-002
3.982831e+003,1.965481e-002
3.983313e+003,1.964838e-002
3.983795e+003,1.964248e-002
3.984277e+003,1.964112e-002
3.984760e+003,1.964763e-002
3.985242e+003,1.966150e-002
3.985724e+003,1.968111e-002
3.986206e+003,1.970406e-002
3.986688e+003,1.972782e-002
3.987170e+003,1.975038e-002
3.987652e+003,1.977121e-002
3.988134e+003,1.978817e-002
3.988616e+003,1.979979e-002
3.989099e+003,1.980299e-002
3.989581e+003,1.979802e-002
3.990063e+003,1.978464e-002
3.990545e+003,1.976817e-002
3.991027e+003,1.975223e-002
3.991509e+003,1.974218e-002
3.991991e+003,1.974028e-002
3.992473e+003,1.974574e-002
3.992956e+003,1.975415e-002
3.993438e+003,1.976042e-002
3.993920e+003,1.976053e-002
3.994402e+003,1.975367e-002
3.994884e+003,1.974240e-002
3.995366e+003,1.973059e-002
3.995848e+003,1.972146e-002
3.996330e+003,1.971621e-002
3.996813e+003,1.971510e-002
3.997295e+003,1.971573e-002
3.997777e+003,1.971610e-002
3.998259e+003,1.971674e-002
3.998741e+003,1.971885e-002
3.999223e+003,1.972525e-002
3.999705e+003,1.973822e-002
4.000188e+003,1.975776e-002
